0 79.918 86.962 85.657 76.862 80.446 96.353 94.576 129.73 129.58 115.16 134.2 167.85 150.22 90.653 119.63 112.03 99.457 142.63 81.872 66.941 95.451 100.31 108.68 122.1 98.486 147.83 139.42 127.85 144.91 131.7 180.97 142.83 163.21 103.93 175.18 118.53 131.09 143.47 80.791 63.362 73.084 84.065 119.96 102.35 156.92 146.01 124.9 119.01 113.35 129.25 160.84 160.91 0 116.8 133.73 115.59 120.11 116.99 136.87 172.51 125.63 97.294 123.39 54.475 178.28 207.12 111.92 126.22 117.24 115.21 74.743 163.81 129.83 127.96 155.77 160.36 148.17 169.37 150.81 207.34 174.58 180.69 165.4 186.4 226.99 195.34 188.66 192.4 188.99 188.61 179.88 185.18 208.54 0 0 0 0 0 0 0 0 0 0 0 0 0 0 0 95.55 95.55 0 0 185.6 179.82 168.28 170.56 161.68 175.64 177.85 181.95 175.68 183.34 175.6 172.75 156.76
79.918 0 74.998 100.91 93.548 111.86 130.16 119.74 140.79 134.86 131.33 129.28 175.76 135.32 89.815 124.24 96.951 97.623 131.27 100.24 81.139 86.064 92.909 98.508 95.904 80.21 164.44 119.8 147.98 179.38 168.69 201.66 184.34 181.97 94.603 190.86 100.78 125.72 151.85 81.229 71.884 76.753 87.755 122.62 103.79 135.02 147.72 126.92 121.64 115.56 127.54 167.64 162.21 0 119.56 128.37 118.08 131.62 127.46 160.11 182.54 160.48 148.64 128.35 148.49 178.62 196.6 114.69 128.54 137.14 116.13 83.825 127.6 133.57 128.3 143.92 152.15 125.38 164.88 135.21 196.42 172.61 139.61 170.43 177.75 206.6 194.35 175.76 167.86 174.12 170.08 163.44 184.15 0 0 0 0 0 0 0 0 0 0 0 0 0 104.63 86.41 0 95.55 93.693 0 0 186.35 187.42 0 171.43 169.41 179.78 181.07 183.07 179.07 182.93 170.73 180.1 164.43
86.962 74.998 0 86.836 87.131 89.311 91.844 114.45 122.32 117.46 149.09 80.882 126.43 88.598 83.186 100.33 88.015 125.61 159.38 93.157 102.29 102.09 113.86 122.16 109.6 100.43 166.59 113.19 153.27 175.77 160.12 201.39 168.98 134.9 103.9 142.95 108.28 140.84 168.55 86.593 82.683 77.811 99.406 132.6 108.79 140.39 153.41 120.76 114.91 108.58 128.24 177.74 159.62 0 114.86 139.13 108.73 117.83 112.45 119.35 138.19 124.42 131.73 133.68 141.43 134.28 153.46 142.43 121.05 107 105.4 163.75 176.78 125.12 132.05 161.84 164.13 146.03 172.92 157.97 208.54 179.12 189.52 204.97 188.23 224.04 197.78 188.84 193.44 176.64 189.37 184.2 206.69 208.54 0 0 0 0 0 0 0 0 0 0 0 0 82.714 0 0 90.681 84.639 0 0 178.55 168.83 168.28 173.83 164.08 173.29 175.57 177.07 171.18 176.29 177.25 166.58 162.22
85.657 100.91 86.836 0 67.933 87.303 84.418 87.219 83.728 98.96 141.7 84.091 104.74 111.13 83.51 104.25 99.167 138.22 158.68 101.01 116.7 122.96 126.9 138.78 139.45 127.56 173.71 164.02 158.04 158.03 160.76 194.87 168.28 158.41 127.01 163.24 137.02 148.51 175.44 92.663 78.607 77.507 103.63 144.46 112.49 114.4 155.65 129.95 127.48 115.4 139.56 183.28 170.07 146.94 119.48 156.74 114.02 119.77 114.62 121.82 120.48 141.34 122.09 133.37 128.69 121.75 138.6 142.49 128.17 111.19 111.61 171.88 195.06 133.83 148.18 167.24 172.2 167.68 180.41 173.53 213.18 180.91 198 195.24 195.18 226.59 204.41 198.35 201.88 187.22 198.47 192.59 200.29 194.41 0 0 167.26 188.79 190.51 0 0 0 0 180.29 180.29 0 82.714 0 0 84.639 100.58 90.135 0 180.88 175.99 168.28 169.14 165.84 174.31 175.48 177.57 171.39 181.84 176.43 168.44 161.72
76.862 93.548 87.131 67.933 0 84.882 74.08 85.029 68.694 87.35 162.09 92.682 123.66 140.7 89.781 105.96 116.38 154.09 157.98 108.15 99.277 126.78 120.99 128.9 132.44 134.05 158.78 165.71 138.88 155.61 141.34 189.14 150.79 170.94 131.56 176.89 149.1 142.59 155.91 93.762 65.033 77.951 100.75 138.44 111.61 147.79 156.67 127.3 121.7 110.94 136.21 195.84 165.27 142.9 115.26 162.17 110.41 115.08 108.12 117.28 115.67 137.48 115.66 127.38 123.77 117.3 145.91 139.45 125.3 107.27 108.4 167.27 191.27 131.09 142.1 172.76 167.65 167.87 175.39 173.14 207.74 184.41 193.76 170.66 190.49 226.35 198.68 192.7 199.29 188.36 197.54 187.52 185.76 208.54 0 0 0 0 0 0 0 0 0 0 0 0 0 0 0 0 0 90.135 0 184.14 0 0 174.24 165.68 177.77 174.53 176.19 172.85 175.95 190.01 166.67 155.73
80.446 111.86 89.311 87.303 84.882 0 82.174 135.06 122.59 103 117.89 97.045 133.57 125.64 86.357 111.8 101.01 145.72 149.54 81.081 88.225 136.44 109.21 114.66 138.12 139.6 160.84 167.49 129.42 148.4 137.64 180.87 147.33 177.13 149 187.18 157.16 156.48 159.69 94.65 73.021 79.191 101.15 159.71 111.33 167.37 152.88 139.85 139.98 128.63 153.06 0 187.65 0 131.64 175.92 124.8 130.7 112.54 110.35 95.708 143.64 116.5 94.886 144.32 137.93 158.68 113.68 134.8 121.87 124.32 170.21 183.25 137.81 168.04 185.49 172.01 164.62 183.85 186.09 212.73 184.55 186.65 152.5 195.84 214.48 200.18 200.96 217.57 196.02 210.61 201.52 165.92 0 0 0 0 0 0 0 0 0 0 0 0 0 0 0 0 0 116.53 0 0 175.24 0 0 181.93 173.94 185.83 168.98 169.26 158.68 182.68 0 162.27 147.56
96.353 130.16 91.844 84.418 74.08 82.174 0 89.223 62.574 66.417 135.43 90.679 118.79 124.67 83.382 111.67 102.85 147.41 155.65 114.06 115.06 143.65 126.89 128.25 144.89 141.52 163.99 164.43 139.46 150.26 145.16 184.88 152.9 178.33 174.77 176.36 177.23 161.99 166.47 96.468 63.68 70.653 106.74 158.88 124.54 110.21 157.03 137.7 127.92 126.14 151.44 0 209.79 154.18 111.94 180.61 122.47 119.96 111.71 107.16 106.36 134.79 117.01 128.7 127.26 121.36 145.27 125.29 133.17 114.72 117.87 163.07 194.07 139.2 156.6 178.48 147.47 149.52 162.49 187.47 190.69 183.74 179.87 162.15 175.38 204.12 182.27 188.47 194.08 189.76 200.5 190.48 183.33 0 0 0 0 0 0 0 0 0 0 0 0 0 0 0 0 0 0 0 0 183.55 0 0 171.73 162.3 177.83 166.48 176.13 170.75 161 0 168.96 143.04
94.576 119.74 114.45 87.219 85.029 135.06 89.223 0 60.396 53.498 83.152 100.97 91.436 64.615 81.3 99.213 138.06 164.41 161.99 103.87 138.38 159.76 156.12 164.34 163.62 164.07 160.95 149.13 158.16 95.458 162 131.55 158.75 170.41 173.11 164.31 178.36 168.52 169.13 110.17 65.585 64.531 130.67 145.3 140.7 62.631 165.34 133.12 116.77 124.73 132.54 0 169.72 80.068 97.027 170.76 127.6 121.57 112.87 77.083 129.95 129.31 118.15 131.28 95.461 126.59 116.27 106.8 117.96 110.58 144.15 206.42 210.68 119 137.34 145.75 144.81 163.7 144.43 179.32 189.39 187.11 199.25 180.98 178.39 211.14 186.91 176.15 174.39 193.66 163.61 150.78 160.74 174.41 174.41 174.41 174.41 0 0 0 0 0 0 174.41 0 0 0 0 0 0 0 0 0 183.76 0 0 159.13 168.92 151.16 179.29 179.98 170.54 0 0 158.82 142.42
129.73 140.79 122.32 83.728 68.694 122.59 62.574 60.396 0 52.232 91.204 103.1 79.927 61.716 78.335 104.68 134.42 172.3 163.86 141.38 137.22 158.35 153.84 149.21 163.46 150.19 164.1 151.3 158.36 110.92 160.97 150.97 162.25 174.19 178.13 168.26 182.07 170.99 172.35 96.225 54.305 59.459 115.62 132.72 147.58 62.98 149.83 103.67 103.75 101.28 96.427 128 0 93.356 92.679 97.009 127.69 117.92 109.47 69.453 117.04 125.51 106.51 123.88 108.08 119.01 117.7 115.93 120.43 108.53 129.91 205.03 150.07 127.46 89.705 100.66 91.934 118.81 102.69 149.03 0 139.12 179.94 175.65 208.86 0 222.71 182.21 182.56 180.42 180 159.74 159.25 0 0 196.93 166.87 0 0 0 0 0 0 196.93 0 0 0 0 0 0 0 0 0 172.42 0 0 162.34 0 174 174.46 167.55 169.73 0 0 192.97 134.86
129.58 134.86 117.46 98.96 87.35 103 66.417 53.498 52.232 0 100.97 97.114 90.571 60.355 75.325 101.14 121.35 153.17 159.39 127.05 132.59 153.93 148.73 145.63 161.82 148.98 157.43 146.07 154 104.36 156.24 145.98 156.47 168.46 170.98 162.6 176.03 166.69 165.95 98.847 58.22 59.374 104.68 131.99 139.56 67.09 153.38 152.61 129.88 140 165.49 0 0 108.44 166.37 189.41 144.95 122.51 116.85 62.389 120.98 115.66 110.51 89.506 113.46 123.76 123.42 120.59 107.17 115.36 131.75 188.12 186.96 138.67 194.86 212.51 199.53 190.34 189.16 209.25 153.09 151.76 155.43 94.988 148.21 118.97 155.1 170.91 176.56 162.93 184.79 173.81 155.29 0 0 0 0 229.95 0 0 0 0 229.95 229.95 0 0 0 0 0 0 0 0 0 172.63 0 0 161.6 147.6 158.3 162.7 167.77 160.87 0 0 0 149.3
115.16 131.33 149.09 141.7 162.09 117.89 135.43 83.152 91.204 100.97 0 121.79 80.372 61.236 87.247 68.223 130.97 155.9 116.73 93.541 71.023 140.15 115.81 88.757 125.18 153.56 166.11 67.889 105.88 127.28 124.23 157.53 139.25 154.59 162.87 160.49 155.45 148.92 161.07 95.244 82.959 75.385 67.951 87.223 66.404 39.559 114.07 108.77 80.245 136.9 95.692 84.047 83.794 53.363 199.66 177.87 176.87 140.93 149.51 172.89 182.01 109.45 122.08 140.11 75.117 134.04 91.148 82.569 98.222 88.192 172.54 182.34 148.97 113.41 173.39 161.61 178.73 176.55 154.55 177.35 168.36 81.393 181.62 127.5 160.1 168.2 174.09 163.52 167.25 116.69 162.43 156.79 171.16 0 0 0 0 0 0 0 0 0 0 0 0 0 0 0 0 0 0 0 0 154.09 0 0 96.14 0 151.28 151.28 156.9 0 0 0 0 0
134.2 129.28 80.882 84.091 92.682 97.045 90.679 100.97 103.1 97.114 121.79 0 96.751 98.821 89.498 92.51 92.214 132.9 170.82 115.56 137.6 140.06 147.17 145.65 155.6 133.19 179.84 162.63 164.63 147.97 168.4 188.03 171.35 149.12 150 157.77 171.76 171.23 189.88 104.94 80.286 84.226 115.5 146.81 133.76 101.34 165.11 136.21 130.08 126.32 148.9 205.9 165.6 143.75 149.61 182.2 122.39 119.1 114.27 124.75 118.61 137.84 121.44 131.89 123.34 119.04 128.2 135.54 131.41 109.61 113.69 199.55 201.61 142.39 184.78 191.67 190.62 182.76 198.28 188.49 218.78 186.5 208.14 179.43 209.35 224.31 214.14 206.19 208.19 195.44 208.49 205.51 203.28 0 0 0 0 0 0 0 0 0 0 0 0 0 0 0 0 96.723 116.53 0 0 186.95 186.49 0 164.5 167.41 173.49 174.68 180.07 175.87 190.27 185.05 172.22 159.33
167.85 175.76 126.43 104.74 123.66 133.57 118.79 91.436 79.927 90.571 80.372 96.751 0 71.88 100.84 90.532 140.14 165.02 199.7 97.593 172.24 182.46 185.63 178.05 186.2 167.82 176.31 162.51 175.33 115.6 178.38 138.65 170.87 182.15 182.41 180.57 193.66 187.05 185.73 139.12 84.458 86.841 138.23 173.74 77.082 74.788 186.53 177.39 107.78 102.64 182.25 103.99 63.472 44.361 201.48 202.68 173.47 136.84 136.65 172.01 153.69 117.21 124.28 138.7 80.735 133.99 105.18 82.807 89.819 107.52 165.82 190.51 211.28 127.47 209.38 202.35 201.54 190.89 174.84 195.14 144.45 84.325 151 58.821 143.5 92.658 139.17 162.32 175.49 151.21 167.75 153.07 157.05 0 0 0 0 0 0 0 0 0 0 0 0 0 0 0 0 0 0 0 0 0 0 0 154.92 0 163.92 178.28 193.64 0 0 0 0 178.28
150.22 135.32 88.598 111.13 140.7 125.64 124.67 64.615 61.716 60.355 61.236 98.821 71.88 0 76.982 70.997 97.989 148.36 154.01 91.983 147.14 153.71 155.15 155.74 161.99 144.9 152.75 85.178 152.57 87.885 150.59 110.37 142.15 162.76 164.98 157.5 170.15 161.4 162.97 107.54 72.129 55.84 85.463 101.28 82.45 44.204 125.43 105.82 79.62 133.15 97.423 80.518 83.339 54.494 158.48 167.44 125.15 136.86 134.11 133.72 155.09 108.99 115.13 140.37 73.867 134.58 92.039 79.551 104.86 91.603 135.43 182.22 148.4 118.81 174.42 159.46 164.58 172.41 153.2 175.06 167.89 81.472 179.34 132.02 158.66 145.22 170.76 163.68 167.57 115.72 162.96 154.29 168.06 0 0 0 0 0 0 0 0 0 0 0 0 0 0 0 0 0 0 0 0 0 0 0 0 0 0 0 193.64 0 0 0 0 0
90.653 89.815 83.186 83.51 89.781 86.357 83.382 81.3 78.335 75.325 87.247 89.498 100.84 76.982 0 102.47 99.151 140.2 91.322 81.897 82.668 93.402 93.104 86.859 112.35 108.86 115.61 122.14 109.32 77.133 120.14 103.21 127.9 124.32 127.65 124.18 122.53 119.16 119.78 93.807 72.134 70.304 90.795 105.95 109.9 92.387 145.58 142.06 129.79 125.93 145.49 175.59 167.59 105.43 121.17 142.68 116.9 126.84 119.1 119.56 129.61 135.31 132.66 141.65 113.52 132.48 125.08 103.57 134.87 115.86 119.75 143.06 159.59 138.02 142.68 157.31 157.02 145.27 167.76 152.17 186.87 170.61 168.54 141.62 184.81 196.75 192.89 153.59 145.22 152.08 167.75 176.97 145.19 0 0 0 0 0 0 0 0 0 0 0 0 0 0 0 0 0 0 0 0 181.33 172.14 0 162.06 162.77 174.8 175.2 176.47 170.86 169.13 191.54 173.46 155.03
119.63 124.24 100.33 104.25 105.96 111.8 111.67 99.213 104.68 101.14 68.223 92.51 90.532 70.997 102.47 0 96.528 127.3 176.29 110.73 127.09 130.34 122.91 122.77 164.64 129.42 179.89 156.45 165.43 143.8 186.64 186.01 190.38 141.09 143.27 151.23 160.65 173.26 192.48 119.92 87.522 99.772 128.94 141.98 133.76 62.518 174.44 123.74 108.25 108.89 132.35 178.99 151.7 71.82 119.25 160.56 108.17 114.09 110.18 118.37 116.94 118.25 113.96 127.79 85.017 113.41 102.74 92.996 115.99 100.42 102.21 180.56 181.05 124.08 153.57 172.81 171.23 168.52 178.85 168.44 208 181.46 192.31 194.16 191.09 224.75 198.69 187.6 195.81 174.9 193.66 189.31 198.17 0 0 0 0 0 0 0 0 0 0 0 0 0 0 0 0 0 116.53 0 0 186.87 0 0 158.02 151.7 165.4 175.32 175.44 166.88 200.41 0 0 166.44
112.03 96.951 88.015 99.167 116.38 101.01 102.85 138.06 134.42 121.35 130.97 92.214 140.14 97.989 99.151 96.528 0 98.041 138.76 113.19 111.36 112.52 120.37 105.75 102.85 101.02 156.64 130.44 132.04 167.56 156.12 173.72 166.06 116.55 110.42 126.39 131.31 129.51 160.24 99.57 95.659 94.071 110.58 126.41 124.87 127.82 162.63 123.42 115.34 111.01 124.31 163.57 153.26 124.91 115.77 123.89 109.94 118.75 114.38 122.7 136.94 138.86 163 139.59 138.57 129.45 167.68 151.33 126.94 107.04 109.03 121.31 140.11 129.09 125.92 132.81 141.23 130.52 150.95 124.61 174.6 172.82 149.66 173.09 169.23 187.36 178.84 170.73 145.7 168.95 154.51 156.12 177.23 0 0 0 0 0 0 0 0 0 0 0 0 0 78.673 0 0 96.723 0 0 0 190.07 182.75 0 171.54 182.89 177.41 182.67 181.96 175.11 182.19 200.76 178.77 176.32
99.457 97.623 125.61 138.22 154.09 145.72 147.41 164.41 172.3 153.17 155.9 132.9 165.02 148.36 140.2 127.3 98.041 0 137.87 140.33 114.17 121.17 129.03 125.94 148.87 95.446 127.3 102.06 145.38 162.71 148.28 167.2 151.67 118.81 116.94 102.84 129.68 135.29 138.09 120.62 128.62 124.83 119.5 78.326 142.88 154.14 172.2 141.35 181.23 152.75 153.8 103.48 162.97 0 159.14 130.77 164.73 195.05 196.6 196 201.18 205.39 208.66 207.71 186.26 199.53 194.83 191.06 154.61 192.03 118.68 122.37 142.89 141.81 130.57 131.12 133.49 131.08 138.21 125.31 152.41 121.4 152.02 174.49 159.67 184.72 165.8 140.3 141.29 135.27 144.17 145.49 144.43 0 0 0 0 0 0 0 0 0 0 0 0 0 0 0 0 0 0 0 0 193.85 0 0 177 0 189.67 191.31 187.09 189.72 0 236.07 0 0
142.63 131.27 159.38 158.68 157.98 149.54 155.65 161.99 163.86 159.39 116.73 170.82 199.7 154.01 91.322 176.29 138.76 137.87 0 91.842 106.46 96.406 94.787 83.082 100.98 104.58 88.191 147.96 86.145 108.25 106.64 130.31 144.53 126.65 130.32 130.74 112.58 107.36 96.445 122.09 163.42 101.08 105.44 118.23 110.77 0 154.47 160.53 182.69 171.49 181.2 177.61 176.12 0 179.08 152.09 180.2 203.61 196.92 199.48 211.25 232.26 203.74 214.79 155.11 202.87 0 137.55 172.99 201.28 150.23 149.59 168.55 163.54 156.09 155.57 155.27 153.43 159.26 149.38 179.49 180.76 172.45 138.6 181.25 204.8 190.03 177.04 159.41 174.64 166.62 168.24 175.93 0 0 0 0 0 0 0 0 0 0 0 0 0 0 0 0 0 0 0 0 191.18 0 0 174.61 159.84 189.72 185.51 186.54 185.94 153.48 177.94 188.88 0
81.872 100.24 93.157 101.01 108.15 81.081 114.06 103.87 141.38 127.05 93.541 115.56 97.593 91.983 81.897 110.73 113.19 140.33 91.842 0 65.287 96.497 90.536 74.588 112.6 108.16 95.062 126.73 98.988 133.65 122.8 154.2 135.65 168.63 137.16 171.41 112.25 118.34 97.782 99.099 94.984 71.351 87.509 127.28 102.89 93.37 146.19 154.42 129.53 146.08 160.69 168.94 175.83 94.547 133.27 132.88 131.17 144.49 140.66 149.45 179.49 137.46 141.09 160.97 110.98 156.92 122.73 104.3 143.72 127.07 130.99 151.2 158.55 144.05 137.23 153.24 152.52 143.03 166.95 148.56 185.39 178.79 166.88 133.32 184.28 209.73 194.77 183.48 165.99 178.55 170.66 174.15 185.52 0 0 0 0 0 0 0 0 0 0 0 0 0 0 0 0 0 0 0 0 187.67 0 0 169.55 171.58 182.96 180.62 179.57 150.85 148.1 224.09 173.09 127.25
66.941 81.139 102.29 116.7 99.277 88.225 115.06 138.38 137.22 132.59 71.023 137.6 172.24 147.14 82.668 127.09 111.36 114.17 106.46 65.287 0 84.413 76.252 63.915 99.711 93.125 113.95 122.36 113.7 140.2 120.19 163.63 134.33 103 105.96 85.945 97.978 107.28 119.46 82.596 76.329 75.81 84.582 103.59 104.79 168.45 143.09 146.51 142.06 134.64 146.35 159.23 165.15 0 130.53 131.15 132.27 148.75 150.37 173.43 188.61 165.69 142.56 159.38 63.095 182 195.96 93.421 130.32 155.29 127.75 109.91 143.43 140.14 132.74 139.23 143.69 130.24 160.93 132.8 186.06 148.28 151.59 54.601 172.3 151.61 186.85 172.13 166.33 167.62 167.04 169.78 165.53 0 0 0 0 0 0 0 0 0 0 0 0 0 107.03 0 0 82.008 0 0 0 186.19 186.09 0 165.7 162.93 174.78 180.31 183.5 176.69 179 190.01 183.45 168.33
95.451 86.064 102.09 122.96 126.78 136.44 143.65 159.76 158.35 153.93 140.15 140.06 182.46 153.71 93.402 130.34 112.52 121.17 96.406 96.497 84.413 0 72.838 83.159 74.543 92.978 93.553 123.04 109.89 132.72 115.97 131.93 113.15 102.64 102.28 105.71 83.141 78.44 102.37 89.179 102.16 90.208 97.51 108.11 109.5 160.96 146.46 144.51 168.84 151.87 154.88 71.617 169.86 0 146.71 133.47 143.99 168.49 169.43 184.65 197.76 200.74 159.32 196.28 165.6 185.76 205.84 143.66 156.23 163.74 131.93 130.31 147.02 144.93 136.18 137.95 141.42 131.25 146.88 131.13 156.47 137.38 156.4 169.34 168.61 192.17 174.13 156.69 149.17 130.05 153.46 153.63 141.3 0 0 0 0 0 0 0 0 0 0 0 0 0 0 0 0 88.79 95.572 0 0 189.7 193.46 0 169.15 168.41 179.87 183.91 190.59 184.18 182.59 177.5 183.05 175.17
100.31 92.909 113.86 126.9 120.99 109.21 126.89 156.12 153.84 148.73 115.81 147.17 185.63 155.15 93.104 122.91 120.37 129.03 94.787 90.536 76.252 72.838 0 60.784 71.074 98.635 99.947 133.9 85.508 105.4 86.892 138.16 103.07 125.7 107.31 138.59 73.619 72.07 99.998 86.881 108.16 90.639 97.379 127.94 107.83 192.82 143.95 144.09 171.65 153.63 156.84 152.34 163.79 0 154.07 112.9 157.05 176.74 176.11 185.08 196.45 197.64 146.56 195.6 148.85 188.76 213.83 106.99 155.03 173.09 135.5 132.97 144.58 145.63 135.33 138.61 140.44 136.38 150.41 135.36 177.56 170.99 153.38 135.01 169.91 192.94 179.37 161.98 155.4 164.07 157.91 159 166.78 0 0 0 0 0 0 0 0 0 0 0 0 0 0 0 0 95.572 95.572 0 0 187.28 190.8 0 170.75 170.18 181.23 185.05 187.1 183.2 172.22 201.01 185.71 177.87
108.68 98.508 122.16 138.78 128.9 114.66 128.25 164.34 149.21 145.63 88.757 145.65 178.05 155.74 86.859 122.77 105.75 125.94 83.082 74.588 63.915 83.159 60.784 0 62.884 96.488 107.95 116.43 74.288 96.224 78.638 130.86 100.62 154.74 142.14 167.64 116.2 89.464 106.78 79.675 118.09 80.845 87.347 127.88 111.75 0 139.75 147.02 159.59 143.38 154.05 163.19 171.02 0 139 103.78 144.27 179.3 177.43 180.93 189.75 192.69 201.14 191.34 154.4 189.61 210.23 105.57 151.37 175.05 125.63 137.94 144.58 138.42 128.72 137.88 139.03 128.59 153.8 132.44 199.25 178.71 152.9 108.8 172.46 193.9 180.59 186.99 171.26 163.55 169.94 171.01 178.72 0 0 0 0 0 0 0 0 0 0 0 0 0 0 0 0 0 0 0 0 183.59 182.5 0 168.27 172.98 186.03 184.06 184.75 189.16 0 0 178.88 192.12
122.1 95.904 109.6 139.45 132.44 138.12 144.89 163.62 163.46 161.82 125.18 155.6 186.2 161.99 112.35 164.64 102.85 148.87 100.98 112.6 99.711 74.543 71.074 62.884 0 93.662 108.27 147.53 83.446 105.22 77.66 137.56 101.61 126.57 112.13 149.91 107.38 77.411 93.034 103 127.66 108.27 113.16 139.22 110.75 187.03 152.99 159.56 178.01 166 169.98 167.31 165.8 0 151.71 77.6 157.4 181.36 181.6 190.54 204.81 196.12 211.2 197.11 163.36 201.42 216.7 131.2 173.89 177.16 147.43 153.02 163.71 168.65 151.33 157.66 162.3 150.81 168.22 153.84 180.5 175.56 171.55 116.16 187.11 204.9 183.94 168.61 163.89 164.75 166.84 167.57 163.07 0 0 0 0 0 0 0 0 0 0 0 0 0 0 0 0 0 0 0 0 198.44 0 0 172.2 159.05 189.79 192.29 194.53 197.4 0 169.7 0 0
98.486 80.21 100.43 127.56 134.05 139.6 141.52 164.07 150.19 148.98 153.56 133.19 167.82 144.9 108.86 129.42 101.02 95.446 104.58 108.16 93.125 92.978 98.635 96.488 93.662 0 91.446 83.738 117.02 135.82 126.25 133.83 125.95 82.1 91.304 72.478 101.12 102 100.54 93.421 99.128 97.569 100.86 62.727 114.55 153.19 154.03 139.48 168.01 146.73 150.77 113.68 164.06 0 138.63 129.35 137.2 169.19 169.44 182.34 194.98 202.04 189.84 197.4 178.43 190.53 196.23 165.76 152.52 161.95 125.83 122.69 143.75 140.7 131.79 132.35 137.8 127.99 140.58 126.7 156.63 140.72 153.44 174.19 163.22 188.89 168.17 142.5 141.72 140.36 145.06 146.47 143.58 0 0 0 0 0 0 0 0 0 0 0 0 0 0 0 0 0 0 0 0 194.62 194.74 0 171.56 174.62 182.14 185.24 192.83 185.59 195.51 212.19 182.8 180.43
147.83 164.44 166.59 173.71 158.78 160.84 163.99 160.95 164.1 157.43 166.11 179.84 176.31 152.75 115.61 179.89 156.64 127.3 88.191 95.062 113.95 93.553 99.947 107.95 108.27 91.446 0 77.017 124.08 88.767 92.481 89.817 76.949 99.916 103.06 71.124 86.463 74.126 63.384 100.09 171.88 122.61 116.1 64.467 79.62 97.703 139.96 145.9 0 131.45 141.72 124.59 156.82 0 191.19 142.84 197.94 212.3 206.25 185.3 212.87 183.65 185.02 176.02 184.42 216.94 214.7 169.16 139.61 202.55 179.87 151.59 182.21 184.85 180.14 169.72 173.71 175.72 170.01 158.28 62.706 122.6 153.27 144.43 132.48 153.03 107.56 114.43 123.82 72.488 101.59 77.268 62.567 0 0 0 0 216.81 0 0 0 0 0 216.81 0 0 0 0 0 0 0 0 0 183.7 0 0 172.52 168.53 178.2 184.29 202.49 200.95 0 0 169.7 172.87
139.42 119.8 113.19 164.02 165.71 167.49 164.43 149.13 151.3 146.07 67.889 162.63 162.51 85.178 122.14 156.45 130.44 102.06 147.96 126.73 122.36 123.04 133.9 116.43 147.53 83.738 77.017 0 117.6 46.103 107.38 65.131 80.127 105.25 107.79 80.599 122.69 119.29 104.22 110.5 110.87 126.04 112.07 45.894 78.62 134.29 120.47 129.67 143.18 139.73 124.52 104.88 96.1 0 134.81 160.22 140.98 177.47 174.86 186.76 209.26 194.46 197.23 160.03 83.437 199.78 209.38 82.332 170.31 188.65 141.93 149.24 181.61 167.63 160.47 182.68 185.97 178.78 180.95 167.83 173.21 111.12 198.84 186.05 191.9 206.64 197.04 161.46 158.35 139.94 160.59 176.63 106.05 119.74 112.95 129.1 135.76 140.78 154.46 152.16 152.16 91.132 132.38 141.53 0 0 125.06 48.347 0 129.97 120.1 59.894 0 134.46 121.51 104.11 124.7 120.43 129.92 135.81 136.9 131.12 127.44 127.04 124.68 104.39
127.85 147.98 153.27 158.04 138.88 129.42 139.46 158.16 158.36 154 105.88 164.63 175.33 152.57 109.32 165.43 132.04 145.38 86.145 98.988 113.7 109.89 85.508 74.288 83.446 117.02 124.08 117.6 0 90.767 82.863 119.44 110.51 126.58 131.08 125.78 129.7 117.25 126.14 106.55 148.47 117.24 116.79 107.18 125.47 173.56 152.98 161.68 191.76 171.31 169.08 189.21 183.4 0 164.2 115.85 172.05 192.66 190.95 182.42 204.63 206.07 205.82 210.21 188.59 202.82 212.86 122.92 172.27 189.76 146.23 158.7 163.65 160.69 147.37 159.39 157.79 152.35 169.6 157.39 188.85 193.66 172.5 103.53 188.03 211.12 195.26 153.63 148.1 152.45 170.62 179.29 146.33 0 0 0 0 0 0 0 0 0 0 0 0 0 0 0 0 0 0 0 0 183.57 0 0 167.88 158.66 131.65 176.82 180.07 210.45 0 155.06 153.92 158.23
144.91 179.38 175.77 158.03 155.61 148.4 150.26 95.458 110.92 104.36 127.28 147.97 115.6 87.885 77.133 143.8 167.56 162.71 108.25 133.65 140.2 132.72 105.4 96.224 105.22 135.82 88.767 46.103 90.767 0 90.534 54.089 84.716 135.3 141.71 127.09 142.12 127.61 129.99 83.325 148.73 106.82 86.079 64.316 37.503 67.3 116.46 168.87 180.62 146.55 111.2 184.4 0 0 193.07 139.57 194.29 193.7 189.73 159.29 187.15 177.84 185.04 176 158.17 195.07 187.91 142.93 126.39 184.67 175.29 177.62 130.58 139.96 174.98 163.54 122.23 126.07 134.01 172.78 152.75 183.67 118.85 121.28 121.5 127.08 149.03 139.75 148.36 136.49 150.34 133.55 131.61 0 0 0 0 0 0 0 0 0 0 0 0 0 0 0 0 0 0 0 0 174.01 0 0 152.67 132.48 165.33 158.93 175.27 158.44 0 155.06 149.3 139.54
131.7 168.69 160.12 160.76 141.34 137.64 145.16 162 160.97 156.24 124.23 168.4 178.38 150.59 120.14 186.64 156.12 148.28 106.64 122.8 120.19 115.97 86.892 78.638 77.66 126.25 92.481 107.38 82.863 90.534 0 91.121 85.504 121.72 125.79 117.85 120.51 87.672 86.738 103.18 147.48 117.59 122.1 88.819 103.1 124.54 148.11 166.28 201.56 176.4 165.38 172.91 177.26 0 183.23 93.561 185.46 196.04 194.21 194.84 206.58 193.87 198.47 194.88 171.11 207.59 214.86 133.42 173.92 190.52 164.84 160.65 168.64 167.79 163.46 163.84 165.08 155.97 167.11 161.54 185.95 189.36 143.4 104.25 143.67 178.17 176.17 156.7 150.97 156.16 164.79 173.89 139.38 0 0 0 0 0 0 0 0 0 0 0 0 0 0 0 0 0 0 0 0 191.26 161.08 0 172.36 164.96 182.01 184.52 196.29 205.53 231.41 192.39 179.36 231.41
180.97 201.66 201.39 194.87 189.14 180.87 184.88 131.55 150.97 145.98 157.53 188.03 138.65 110.37 103.21 186.01 173.72 167.2 130.31 154.2 163.63 131.93 138.16 130.86 137.56 133.83 89.817 65.131 119.44 54.089 91.121 0 86.258 140.58 147.06 129.38 149.06 133.7 128.83 79.981 177.28 125.43 80.465 67.345 38.678 62.85 111.09 175.43 0 163.05 100.07 180.56 0 0 216.63 178.45 216.96 219.13 222.47 199.96 0 0 0 0 186.42 211.43 0 188.86 201.5 215.39 188.64 193.31 204.36 205.93 191.83 197.48 197.77 194.69 201.47 197.1 210.02 191.56 209.9 125.66 213.09 155.85 206.64 170.73 163.95 170.21 180.07 210.07 131.83 0 0 0 0 0 0 0 0 0 0 0 0 0 0 0 0 0 0 0 0 164.99 0 0 147.15 150.01 156.07 159.78 162.92 156.48 0 0 155 139.54
142.83 184.34 168.98 168.28 150.79 147.33 152.9 158.75 162.25 156.47 139.25 171.35 170.87 142.15 127.9 190.38 166.06 151.67 144.53 135.65 134.33 113.15 103.07 100.62 101.61 125.95 76.949 80.127 110.51 84.716 85.504 86.258 0 120.87 129.34 107.53 126.35 94.532 77.623 99.422 159.63 132.15 108.36 71.725 50.299 85.57 139.39 168.98 222.46 181.24 143.98 174.61 193.14 0 190.43 134.02 193.53 201.49 201.11 201.77 214.6 203.7 213.6 219.18 190.45 213.1 218.41 146.67 184.23 195.24 170.42 165.66 173.28 182.02 171.84 168.44 170.14 170.83 172.09 166.28 190.67 192.39 184.33 144.32 189.11 204.19 192.95 159.44 151.86 164.81 163.07 179.11 110.17 0 0 0 0 0 0 0 0 0 0 0 0 0 0 0 0 0 0 0 0 185.73 0 0 178.14 166.23 171.05 172.4 200.47 185.31 231.41 231.41 180.08 186.48
163.21 181.97 134.9 158.41 170.94 177.13 178.33 170.41 174.19 168.46 154.59 149.12 182.15 162.76 124.32 141.09 116.55 118.81 126.65 168.63 103 102.64 125.7 154.74 126.57 82.1 99.916 105.25 126.58 135.3 121.72 140.58 120.87 0 65.5 59.577 75.461 84.786 74.237 105.95 180.85 119.06 133.63 79.501 113.47 170.16 150.02 166.43 222.37 163.04 181.63 126.72 181.51 0 188.23 152.57 196.45 215.75 214.83 185.76 218.06 195.92 191.63 187.62 168.47 217.25 201.56 171.08 164.09 209.75 167.33 137.64 185.83 180.49 147.52 161.27 171.74 173.28 163.1 146.34 141.88 135.78 174.59 135.45 168.08 176.84 169.48 88.281 94.119 55.994 137.69 159.22 149.98 214.99 0 0 0 0 0 0 0 0 0 0 0 0 0 0 0 0 0 107.55 0 206.2 191.5 215.1 185.27 199.62 198.85 199.33 205.26 206.5 0 192.81 197.53 186.18
103.93 94.603 103.9 127.01 131.56 149 174.77 173.11 178.13 170.98 162.87 150 182.41 164.98 127.65 143.27 110.42 116.94 130.32 137.16 105.96 102.28 107.31 142.14 112.13 91.304 103.06 107.79 131.08 141.71 125.79 147.06 129.34 65.5 0 89.693 76.243 91.618 80.369 110.31 132.21 116.65 112.56 86.545 118.4 174.36 160.29 161.04 154.63 161.56 165.39 136.1 180.48 0 140.53 152.27 145.35 179.77 167.81 187.77 205.18 211.4 211.4 186.31 180.71 216.44 207.12 182.23 173.69 179.21 142.54 139.05 166.94 159.3 152.24 149.92 159.99 156.93 151.82 144.66 166.11 151.16 179.35 160.44 170.47 202.71 175.02 130.12 97.319 115.53 151.89 158.07 160.2 0 0 0 0 0 0 0 0 0 0 0 0 0 0 0 0 0 0 107.55 0 215.33 0 215.1 188.76 200.74 205.31 204.68 210.33 203.38 0 0 209.85 0
175.18 190.86 142.95 163.24 176.89 187.18 176.36 164.31 168.26 162.6 160.49 157.77 180.57 157.5 124.18 151.23 126.39 102.84 130.74 171.41 85.945 105.71 138.59 167.64 149.91 72.478 71.124 80.599 125.78 127.09 117.85 129.38 107.53 59.577 89.693 0 82.314 71.513 60.228 104.04 184.45 120.04 137.61 58.212 110.83 155.03 146.57 165.4 0 186.29 180.56 127.77 183.62 0 185.72 149.34 190.3 221.16 218.21 176.82 221.69 213.9 226.43 225.61 169.33 219.43 208.2 169.96 194.02 211.06 162.96 138.66 192.92 181.55 152.26 168.64 182.13 180.9 168.68 151.8 172.07 138.78 200.72 132.43 181.78 208.02 186.02 144.64 125.13 93.786 141.05 167.62 90.197 0 0 0 0 0 0 0 0 0 0 0 0 0 0 0 0 0 0 0 0 201.24 0 0 182.31 205.24 192.84 196.36 202.86 208.13 231.41 210.79 196.64 192.77
118.53 100.78 108.28 137.02 149.1 157.16 177.23 178.36 182.07 176.03 155.45 171.76 193.66 170.15 122.53 160.65 131.31 129.68 112.58 112.25 97.978 83.141 73.619 116.2 107.38 101.12 86.463 122.69 129.7 142.12 120.51 149.06 126.35 75.461 76.243 82.314 0 73.157 71.828 109.47 124.9 119.99 121.17 95.733 118.53 179.56 158.7 164.03 155.16 167.17 168.9 139.64 185.4 0 144.5 165.09 148.61 181.86 166.94 188.81 209.8 219.53 210.21 194.81 172.77 215.04 223.7 173.52 180.63 175.3 147.29 143.6 170.77 163.85 157.46 154.6 161.87 160.13 156.37 149.08 174.7 156.2 183.47 151.17 174.61 211.03 180.45 157.48 153.91 141.53 159.78 162.12 164.16 181.25 0 0 0 0 0 0 0 0 0 0 0 0 0 0 0 0 0 107.55 0 210.2 197.18 215.1 186.07 196.94 199.65 200.54 209.59 205.52 193.69 236.07 203.42 182.4
131.09 125.72 140.84 148.51 142.59 156.48 161.99 168.52 170.99 166.69 148.92 171.23 187.05 161.4 119.16 173.26 129.51 135.29 107.36 118.34 107.28 78.44 72.07 89.464 77.411 102 74.126 119.29 117.25 127.61 87.672 133.7 94.532 84.786 91.618 71.513 73.157 0 59.929 104.05 149.46 115.13 122.71 108.05 112.3 174.53 150.82 156.82 122.29 150.5 145.43 143.1 178.72 0 102.15 124.42 180.12 172.31 143.94 179.23 189.62 180.25 192.36 193.68 164.93 202.6 220.32 162.97 165.23 192 158.3 146.8 165.93 160.57 115.63 152.36 129.27 145.21 151.42 151.7 177.42 159.89 178.5 129.67 176.4 211.41 182.58 156.62 151.27 119.33 159.28 164.7 153.97 181.25 0 0 0 0 0 0 0 0 0 0 0 0 123.6 0 0 0 0 0 0 203.72 185.14 0 181.84 188.38 194.68 195.03 204.61 206.37 0 185.91 188.26 170.68
143.47 151.85 168.55 175.44 155.91 159.69 166.47 169.13 172.35 165.95 161.07 189.88 185.73 162.97 119.78 192.48 160.24 138.09 96.445 97.782 119.46 102.37 99.998 106.78 93.034 100.54 63.384 104.22 126.14 129.99 86.738 128.83 77.623 74.237 80.369 60.228 71.828 59.929 0 111.29 175.75 117.58 128.98 93.88 117.62 156.46 154.22 175.4 0 183.81 180.63 145.86 195.25 0 190.24 137.85 193.8 213.63 209.61 189.31 223.71 223.64 0 225.61 180.08 221.08 228.76 169.67 190.63 205.92 175.39 151.75 179.19 187.8 169.97 165.92 166.61 167.11 166.29 159.04 183.52 162.96 187.74 134.89 184.38 214.09 189.72 155.81 143.96 87.907 141.94 171.81 80.002 0 0 0 0 0 0 0 0 0 0 0 0 0 0 0 0 0 0 0 0 209.59 191.5 0 179.8 193.66 202.88 198.02 215.64 213.51 0 0 204.59 0
80.791 81.229 86.593 92.663 93.762 94.65 96.468 110.17 96.225 98.847 95.244 104.94 139.12 107.54 93.807 119.92 99.57 120.62 122.09 99.099 82.596 89.179 86.881 79.675 103 93.421 100.09 110.5 106.55 83.325 103.18 79.981 99.422 105.95 110.31 104.04 109.47 104.05 111.29 0 63.448 64.154 77.622 52.297 57.177 44.753 92.15 109.77 140.67 133.99 130.77 156.93 122.81 0 129.87 144.9 126.21 135.92 130.6 138 144.13 160.64 157.99 158.05 116.11 145.92 179.55 110.16 146.37 127.98 126.63 134.38 146.04 145.47 140.09 142.63 147.48 134.52 155.34 137.71 178.28 136.92 156.59 179.3 172.05 197.73 186.76 148.66 136.69 99.571 159.01 162.14 153.79 210.53 0 0 0 0 0 0 0 0 0 0 0 0 76.696 0 0 95.572 93.703 71.053 0 151.87 153.78 142.11 137.29 128.53 141.92 140.71 144.08 142.94 145.77 141.93 143.3 114.13
63.362 71.884 82.683 78.607 65.033 73.021 63.68 65.585 54.305 58.22 82.959 80.286 84.458 72.129 72.134 87.522 95.659 128.62 163.42 94.984 76.329 102.16 108.16 118.09 127.66 99.128 171.88 110.87 148.47 148.73 147.48 177.28 159.63 180.85 132.21 184.45 124.9 149.46 175.75 63.448 0 39.575 54.29 86.34 66.608 64.462 105.01 143.96 118.44 136.43 142.44 0 131.12 52.659 129.04 161.56 124.87 135.77 128.22 124.12 132.5 144.83 142.05 144.9 93.645 137.91 132.14 104.39 140.37 121.35 123.88 136.56 168.66 150.87 152.53 169.79 177.8 147.41 183.42 167.73 0 136.88 175.29 174.92 202.13 0 214.59 206.86 189.29 185.11 192.81 188.84 0 248.73 0 0 0 0 0 0 0 0 0 0 0 0 0 0 0 0 0 59.07 0 138.36 154.81 0 116.3 111.11 124.3 128.94 133.98 129.01 124.89 117.63 127.07 117.1
73.084 76.753 77.811 77.507 77.951 79.191 70.653 64.531 59.459 59.374 75.385 84.226 86.841 55.84 70.304 99.772 94.071 124.83 101.08 71.351 75.81 90.208 90.639 80.845 108.27 97.569 122.61 126.04 117.24 106.82 117.59 125.43 132.15 119.06 116.65 120.04 119.99 115.13 117.58 64.154 39.575 0 52.442 117.45 88.701 63.828 117.87 130.89 127.55 112.52 119.3 173.21 150.15 107.43 113.58 139.34 110.58 122.28 114.81 102.6 130.99 152.43 130.83 143.93 121.32 130.13 151.52 106.2 129.91 112.24 112.41 139.31 157.7 133.54 135.06 155.98 157.48 143.97 166.7 152.56 166.78 144.56 166.61 125.33 180.61 125.67 164.24 153.26 146.14 163.38 174.15 176.17 174.03 0 0 0 0 0 0 0 0 0 0 0 0 0 62.135 0 0 0 0 59.853 0 138.8 131.68 131.68 124.41 127.93 140.73 130.44 132.91 130.8 164.17 237.12 134.55 110.36
84.065 87.755 99.406 103.63 100.75 101.15 106.74 130.67 115.62 104.68 67.951 115.5 138.23 85.463 90.795 128.94 110.58 119.5 105.44 87.509 84.582 97.51 97.379 87.347 113.16 100.86 116.1 112.07 116.79 86.079 122.1 80.465 108.36 133.63 112.56 137.61 121.17 122.71 128.98 77.622 54.29 52.442 0 94.258 69.018 139.8 103.23 131.16 132.2 125.79 104.19 99.675 102.4 0 134.89 150.36 138.14 150.73 141.94 147.32 152.65 173.06 159.49 168.72 85.771 165.64 188.93 84.416 153.99 141.35 136.53 133.3 157.04 146.77 149.75 158.4 159.31 139.61 168.61 150.65 124.2 109.85 166.23 104.01 167.05 92.898 119.82 180.15 161.04 147.34 171.65 171.41 166.24 0 0 0 0 0 0 0 0 0 0 0 0 0 56.406 80.419 0 80.037 47.148 48.343 0 117.51 122.31 117.99 105.72 106.72 111.43 114.7 114.95 112.61 105.64 106.15 105.62 96.072
119.96 122.62 132.6 144.46 138.44 159.71 158.88 145.3 132.72 131.99 87.223 146.81 173.74 101.28 105.95 141.98 126.41 78.326 118.23 127.28 103.59 108.11 127.94 127.88 139.22 62.727 64.467 45.894 107.18 64.316 88.819 67.345 71.725 79.501 86.545 58.212 95.733 108.05 93.88 52.297 86.34 117.45 94.258 0 45.469 87.944 99.537 146.9 151.24 165.68 136.41 106.41 114.29 0 164.83 144.35 163.24 182.22 185.69 173.1 188.99 199.44 0 0 95.536 200.1 205.82 91.168 174.1 173.91 149.69 103.74 157.13 151.45 148.5 162.75 168.21 165.68 168.94 127.75 142.84 110.82 172.48 157.9 170.03 0 167.31 132.38 139.83 125.21 141.87 148.87 99.935 0 0 0 0 0 0 0 0 0 0 0 0 0 0 70.748 0 0 0 0 0 135.58 162.59 0 121.58 121.42 133.5 127.75 129.08 122.71 119.57 135.29 84.416 80.819
102.35 103.79 108.79 112.49 111.61 111.33 124.54 140.7 147.58 139.56 66.404 133.76 77.082 82.45 109.9 133.76 124.87 142.88 110.77 102.89 104.79 109.5 107.83 111.75 110.75 114.55 79.62 78.62 125.47 37.503 103.1 38.678 50.299 113.47 118.4 110.83 118.53 112.3 117.62 57.177 66.608 88.701 69.018 45.469 0 21.568 103.14 121.86 0 143.93 115.01 108.69 94.566 0 146.32 158.69 145.33 149.38 148.1 159.75 165.59 0 118.19 171.73 83.552 168.11 0 83.648 170.43 141.87 145.82 159.82 162.31 159.16 157.29 155.45 162.12 153.24 162.9 158.36 186.71 91.482 177.98 0 178.42 198.9 180.25 159.05 143.46 122.27 170.45 171.41 160.73 0 0 0 0 0 0 0 0 0 0 0 0 0 0 80.419 0 0 0 58.598 0 137.06 180.2 0 129.48 139.15 124.68 135.96 125.2 121.75 123.98 122.1 104.51 116.51
156.92 135.02 140.39 114.4 147.79 167.37 110.21 62.631 62.98 67.09 39.559 101.34 74.788 44.204 92.387 62.518 127.82 154.14 0 93.37 168.45 160.96 192.82 0 187.03 153.19 97.703 134.29 173.56 67.3 124.54 62.85 85.57 170.16 174.36 155.03 179.56 174.53 156.46 44.753 64.462 63.828 139.8 87.944 21.568 0 103.1 0 55.35 101.52 0 0 0 27.722 0 0 181.23 152.1 152.39 99.707 175.47 99.699 133.55 152.5 54.135 150.15 90.616 63.77 109.64 91.155 170.32 0 0 86.188 0 0 0 0 0 0 0 0 0 0 0 0 0 0 188.06 0 0 0 0 0 0 0 0 0 0 0 0 0 0 0 0 0 0 0 0 0 0 0 0 0 0 0 0 0 0 0 0 0 0 0 0 0
146.01 147.72 153.41 155.65 156.67 152.88 157.03 165.34 149.83 153.38 114.07 165.11 186.53 125.43 145.58 174.44 162.63 172.2 154.47 146.19 143.09 146.46 143.95 139.75 152.99 154.03 139.96 120.47 152.98 116.46 148.11 111.09 139.39 150.02 160.29 146.57 158.7 150.82 154.22 92.15 105.01 117.87 103.23 99.537 103.14 103.1 0 82.995 93.462 115.95 84.521 80.974 78.462 123.48 139.09 143.63 147.54 148.58 150.74 168.71 170.27 167.3 147.41 150.92 129.96 159.65 183.38 127.91 143.25 170.99 159.84 175.49 138.63 140.24 134.45 143.91 145.01 147.2 146.38 156.68 149.76 99.853 158.92 128.07 153.23 118.56 156.02 150.1 157.7 106.58 154.26 148.14 151.36 107.72 127.77 124.71 127.24 136.5 143.31 139.61 140.91 136.03 139.74 142.72 137.31 151.57 152.5 145.56 73.298 156.68 156.59 145.49 0 144.14 143.67 136.57 128.16 131.22 135.1 139.76 141.99 137.09 135.63 140.65 137.38 123
124.9 126.92 120.76 129.95 127.3 139.85 137.7 133.12 103.67 152.61 108.77 136.21 177.39 105.82 142.06 123.74 123.42 141.35 160.53 154.42 146.51 144.51 144.09 147.02 159.56 139.48 145.9 129.67 161.68 168.87 166.28 175.43 168.98 166.43 161.04 165.4 164.03 156.82 175.4 109.77 143.96 130.89 131.16 146.9 121.86 0 82.995 0 51.198 71.204 76.794 43.133 56.021 97.353 79.455 85.025 83.39 89.258 88.047 113.72 104.9 122.07 97.113 101.29 100.16 104.64 142.79 104.06 98.179 112.73 98.69 125.11 113.49 90.125 77.777 88.746 91.379 88.759 97.371 99.339 104 104.99 107.61 79.71 102.09 79.299 106.43 104.52 107.74 92.717 105.73 99.772 105.87 148.37 151.03 142.77 148.49 146.46 143.3 159.65 158.73 161.11 129.52 152.45 166.15 152 0 67.635 0 0 0 0 0 0 0 0 135.9 0 0 0 0 0 0 0 0 0
119.01 121.64 114.91 127.48 121.7 139.98 127.92 116.77 103.75 129.88 80.245 130.08 107.78 79.62 129.79 108.25 115.34 181.23 182.69 129.53 142.06 168.84 171.65 159.59 178.01 168.01 0 143.18 191.76 180.62 201.56 0 222.46 222.37 154.63 0 155.16 122.29 0 140.67 118.44 127.55 132.2 151.24 0 55.35 93.462 51.198 0 45.549 49.802 53.614 75.46 63.881 60.402 69.112 73.71 81.656 68.123 63.41 73.432 76.312 64.01 71.681 67.218 88.94 91.001 62.224 79.686 92.333 85.723 140.64 97.748 77.989 60.965 92.501 85.193 72.604 118.55 116.09 173.44 85.582 139.44 123.47 152.88 156.95 172.52 119.28 144.5 103.32 141.45 136.44 163.35 121.28 107.55 121.67 132.88 135.3 130.58 117.85 110.87 145.54 126 132.74 128.98 0 0 0 0 0 0 77.732 0 0 0 0 0 0 0 0 0 0 0 0 0 0
113.35 115.56 108.58 115.4 110.94 128.63 126.14 124.73 101.28 140 136.9 126.32 102.64 133.15 125.93 108.89 111.01 152.75 171.49 146.08 134.64 151.87 153.63 143.38 166 146.73 131.45 139.73 171.31 146.55 176.4 163.05 181.24 163.04 161.56 186.29 167.17 150.5 183.81 133.99 136.43 112.52 125.79 165.68 143.93 101.52 115.95 71.204 45.549 0 62.9 99.734 85.701 25.866 74.78 83.018 76.616 79.631 78.595 91.593 96.939 66.581 58.382 62.224 58.699 95.324 83.614 50.088 76.741 100.56 90.254 141.79 82.022 70.918 73.21 90.773 88.954 82.563 101.36 106.11 114.32 108.68 100.58 118.88 111.06 134.75 130.92 104.13 110.51 103.11 109.49 103.52 106.67 128.09 141.75 130.59 138.34 142.46 152.22 126.01 119.49 134.08 113.29 142.79 123.59 0 0 0 0 0 0 0 0 0 0 0 0 0 0 0 0 0 0 0 0 0
129.25 127.54 128.24 139.56 136.21 153.06 151.44 132.54 96.427 165.49 95.692 148.9 182.25 97.423 145.49 132.35 124.31 153.8 181.2 160.69 146.35 154.88 156.84 154.05 169.98 150.77 141.72 124.52 169.08 111.2 165.38 100.07 143.98 181.63 165.39 180.56 168.9 145.43 180.63 130.77 142.44 119.3 104.19 136.41 115.01 0 84.521 76.794 49.802 62.9 0 54.043 54.439 0 80.276 87.537 89.2 94.5 95.331 109.43 116.18 116.94 92.242 95.624 96.692 110.61 135.53 102.98 88.286 119.48 102.79 141.52 88.503 78.785 78.48 96.534 95.65 89.044 106.97 108.63 113.18 77.318 106.35 89.95 128.33 74.768 123.46 116.33 123.65 97.61 119.05 115.71 120.76 98.013 99.446 102.5 108.06 112.31 118.88 111.92 114.93 111.38 113.89 115.67 106.77 0 59.014 53.258 42.626 0 53.43 67.409 0 0 0 0 217.76 0 0 0 209.52 0 0 0 0 0
160.84 167.64 177.74 183.28 195.84 0 0 0 128 0 84.047 205.9 103.99 80.518 175.59 178.99 163.57 103.48 177.61 168.94 159.23 71.617 152.34 163.19 167.31 113.68 124.59 104.88 189.21 184.4 172.91 180.56 174.61 126.72 136.1 127.77 139.64 143.1 145.86 156.93 0 173.21 99.675 106.41 108.69 0 80.974 43.133 53.614 99.734 54.043 0 45.492 0 108.49 108.37 115.8 154.57 169.85 175.65 172.41 137.79 135.87 130.29 86.007 158.4 154.88 91.742 107.61 132.7 109.45 72.821 119.34 119.2 89.714 104.38 115.84 113.23 114.35 62.019 73.628 43.775 113.25 73.137 99.546 74.408 79.07 80.355 94.671 66.677 101.49 94.992 81.509 80.379 0 150.23 105.51 90.851 192.93 122.33 80.122 93.972 0 136.88 0 0 0 0 0 0 0 0 0 0 0 0 220.1 0 220.1 220.1 0 0 0 0 0 0
160.91 162.21 159.62 170.07 165.27 187.65 209.79 169.72 0 0 83.794 165.6 63.472 83.339 167.59 151.7 153.26 162.97 176.12 175.83 165.15 169.86 163.79 171.02 165.8 164.06 156.82 96.1 183.4 0 177.26 0 193.14 181.51 180.48 183.62 185.4 178.72 195.25 122.81 131.12 150.15 102.4 114.29 94.566 0 78.462 56.021 75.46 85.701 54.439 45.492 0 0 109.18 114.15 114.29 116.56 126.9 133.16 138.21 148.43 0 170.58 78.52 144.51 0 78.265 128.55 144.71 131.51 149.52 118.28 106.81 111.84 117.71 124.17 120.18 113.45 128.55 118.33 72.254 133.91 32.481 117.08 55.067 129.75 118.29 122.26 86.282 121.16 113.5 119.95 92.415 107.12 95.518 107.28 103.13 115.2 119.15 142.5 125.39 204.06 106.36 126.66 0 0 0 0 0 0 0 0 0 0 0 0 0 0 0 0 0 0 0 0 0
