0 84.694 80.51 73.053 75.165 77.597 84.009 95.26 125.17 135.62 146.74 133.48 144.42 168.62 93.82 113.71 111.88 88.893 132.72 90.433 71.827 98.603 94.803 103.64 109.07 103.77 152.88 133.49 129.6 168.79 129.17 166.13 137.7 173.73 96.347 179.17 133.5 121.22 138.64 83.154 67.764 77.404 86.339 113.65 97.002 151.22 144.44 130.29 118.64 121.63 130.1 161.07 149.73 0 117.92 126.56 113.9 123.05 117.42 134.29 149.99 137.53 84.78 155.91 157.91 148.63 162.22 153.52 132.1 115.48 113.54 182.1 167.07 126.54 127.61 144.13 162.04 139.81 170.84 150.48 203.33 182.45 172.75 170.9 186.44 215.91 195.59 204.08 147.53 197.41 176.7 174.94 211.36 0 0 0 0 0 0 0 0 0 0 0 0 0 0 0 0 0 91.256 0 0 197.61 197.31 0 176.02 174.1 184.19 190.71 199.56 194.24 183.84 173.08 172.49 188.63
84.694 0 88.678 105.18 110.78 119.01 130.68 155.34 133.29 142.2 128.61 122.69 169.28 130.4 94.305 131.03 97.467 87.336 118.21 109.92 85.982 92.988 93.301 97.191 161.43 80.211 147.53 104.91 124.77 148.44 147.66 169.59 182.67 156.98 84.4 165.42 86.834 150.48 183.92 83.98 73.114 84.862 92.664 117.49 99.712 139.27 146.46 134.7 128.6 133.05 137.38 146.66 165.72 0 124.68 120.3 118.05 138.67 143.48 159.73 173.04 163.09 94.387 162.95 155.55 164.37 159.55 149.06 142.87 139.73 112.96 141.63 145.92 139.77 126.95 116.91 137.8 124.44 151.71 126.63 99.096 139.79 142.9 150.67 89.79 145.52 89.754 132.64 126.87 161.22 151.49 82.233 87.417 0 0 0 0 0 0 0 0 0 0 0 0 0 0 0 0 0 0 0 0 196.78 196.24 0 179.07 166.66 191.94 192 201.64 196.87 196.66 184.15 172.25 194.02
80.51 88.678 0 81.265 85.028 81.684 89.468 126.98 115.71 107.37 165.09 79.516 133.28 135.65 81.426 95.549 88.904 114.27 165.18 82.746 100.78 104.92 108.93 112.87 151.67 104.72 176.68 101.94 168.57 182.94 168.1 197.34 177.47 121.07 117.1 138.68 96.231 133.41 175.37 86.131 75.378 76.277 98.911 136.19 102.32 138.09 148.91 123.6 113.89 116.19 124.67 151.7 144.66 178.92 116.22 126.62 106.21 117.34 112.59 122.51 132.1 138.05 133.67 147.39 142.01 122.87 161.64 121.77 124.31 103.32 103.26 170.36 196.07 120.26 128.37 150.71 164.82 134.56 169.95 153.28 201.35 176.06 187.29 211.83 182.56 220.44 190.14 188.4 159.77 182.71 150.38 173.71 213.67 0 0 0 0 0 0 0 0 0 0 0 0 0 0 0 0 92.565 91.911 0 0 196.58 196.25 0 190.73 183.83 196.04 191.36 197.32 187.88 188.07 174.3 197.61 184.45
73.053 105.18 81.265 0 68.082 85.172 82.239 85.117 68.304 97.754 150.52 82.775 108.98 117.59 86.334 103.87 102.54 138.06 159.2 95.611 108.42 115.14 121.25 134.43 145.48 125.26 182.98 143.93 165.04 135.49 165.45 163.18 171.7 149.91 139.37 166.06 144.92 152.73 180.25 93.321 83.994 77.725 101.2 155.28 107.94 123.1 151.3 137.33 130.5 123.85 136.88 177.17 151.38 142.46 125.35 153.55 114.35 123.27 119 123.97 128.32 134.34 119.38 131.92 128.94 122.53 138.66 125.59 133.33 114.75 113.36 185.9 202.51 126.17 144.24 164.23 176.42 161.69 181.38 169.31 206.28 189.61 192.73 195.77 187.27 216.35 193.09 200.5 177.68 203.95 169.26 186.01 217.12 0 0 0 0 0 0 0 0 0 0 0 0 0 0 0 0 85.586 92.777 0 0 194.42 192.9 0 189.25 178.06 187.84 188.15 195.44 189.44 186.4 178.12 206.32 182.95
75.165 110.78 85.028 68.082 0 76.037 65.638 73.846 63.113 82.103 163.1 90.812 121.69 132.85 87.042 110.13 124.54 158.16 154.36 120.67 101.88 119.41 114.41 139.37 121.63 132.63 169.08 146.96 154.62 161.92 148.35 180.62 155.45 169.62 125.87 178.53 144.59 133.41 153.2 93.301 71.95 78.47 99.562 148.96 117.35 142.66 153.23 134.32 121.24 119.36 135.44 183.63 156.06 150.61 121.56 151.38 115.69 117.4 113.53 106.51 122.96 117.02 110.38 119.59 121.96 116.86 127.16 112.26 128.02 113.12 114.36 187.48 198.55 125.09 140.23 168.32 178.77 172.43 183.31 170.91 204.71 192.27 192.17 176.24 189.13 207.39 194.76 204.72 178.59 204.04 185.51 185.16 200.93 0 0 179.01 171.55 174.49 189.28 0 0 0 174.49 194.72 0 0 0 0 0 0 0 0 0 192.64 194.1 0 180.33 175.19 179.64 187.38 193.63 197.92 182.28 177.38 191.31 182.67
77.597 119.01 81.684 85.172 76.037 0 76.615 96.831 110.78 98.272 174.37 95.562 131.86 151.85 83.951 115.58 113.39 156.74 125.52 86.543 89.056 135.81 112.48 109.53 132.65 140.07 167.78 150.29 130.06 165.95 139.12 172.6 149.31 180.77 159.73 188.92 153.01 146.21 157.4 101.71 73.468 78.821 99.576 149.41 133.06 163.29 152.7 143.75 133.44 131.02 144.05 180.14 152.16 157.77 130.44 157.04 120.29 126.59 122.35 121.04 127.92 86.75 114.19 68.8 138.63 125.02 144.67 109.53 118.47 120.94 120.57 183.79 189.93 129.57 155.21 177.68 183.34 174.05 187.23 175.62 183.04 188.17 178.19 130.28 185.13 132.86 198.1 189.56 184.53 182.79 190.74 190.27 178.97 0 0 0 0 0 0 0 0 0 0 0 0 0 0 0 0 0 0 0 0 191.88 179.12 0 186.76 186.45 190.51 185.71 192.7 185.52 183.17 178.57 205.89 165.31
84.009 130.68 89.468 82.239 65.638 76.615 0 90.683 67.715 63.581 85.652 93.312 119.23 69.465 82.172 117.52 120.96 164.45 135.97 118.73 117.98 140.69 123.65 124.53 136.34 146.34 170.91 151.21 139.04 139.67 145.22 168.22 154.1 181.48 165.93 177.45 159.87 150.27 164.26 102.52 79.704 73.501 110.65 158.04 144.37 44.948 155.51 147.29 131.76 135.23 149.93 210.26 156.8 136.53 121.8 167.37 126.01 124.27 117.38 91.609 110.74 127.37 120.77 129.51 128.32 123.57 138.52 120.54 140.51 121.34 125.29 193.34 197.75 135.67 167.13 182.52 172.01 176.07 166.13 182.87 191.17 199.75 175.64 164.23 164.48 206.87 172.35 214.8 196.53 206.24 196.68 171.17 216.5 0 0 0 0 0 0 0 0 0 0 0 0 0 0 0 0 0 0 0 0 187.26 0 0 188.11 175.74 159.67 191.5 183.57 187.95 187.65 190.23 207.05 170.46
95.26 155.34 126.98 85.117 73.846 96.831 90.683 0 56.125 66.781 91.567 103.53 93.337 71.027 92.545 103.24 150.03 186.49 164.58 111.82 134.41 153.27 136.2 159.96 139.85 173.14 161.52 156.43 161.98 95.449 156.91 97.424 146.01 176.14 178.93 167.76 177.83 165.47 168.39 111.02 75.022 73.512 123.15 124.93 75.167 56.407 158.52 159.59 116.54 133.55 131.27 206.82 131.67 80.214 97.597 176.3 148.31 129.83 113.41 78.861 132.57 120.3 117.93 125.84 100.29 124.81 118.03 102.71 139.83 117.02 156.78 205.43 212.68 134.16 105.1 163.42 127.12 152.39 126.23 202.86 187.67 194.18 192.25 152.93 148.6 161.55 154.89 220.56 206.61 204.78 179.18 133.47 217.56 0 0 0 0 0 0 0 0 0 0 0 0 0 0 0 0 0 0 0 0 180.1 0 0 187.5 194.33 194.33 208.32 187.88 187.88 180.1 0 195.47 230.74
125.17 133.29 115.71 68.304 63.113 110.78 67.715 56.125 0 57.125 112.89 91.142 88.719 63.24 82.44 110.11 135.94 196.01 151.38 144.84 138.31 164.48 148.2 145.23 161.08 162.14 165.58 153.28 157.42 103.11 161.59 116.74 161.87 176.7 179.5 168.55 179.53 171.6 168.97 96.409 64.268 61.28 113.87 128.8 83.918 60.415 148.01 100.36 99.065 101.01 99.432 127.24 114.67 108.56 72.651 81.994 134.21 121.39 118.65 64.362 130.74 113.87 107.4 116.05 100.62 119.57 113.3 99.453 130.43 114.91 136.72 207.91 209.44 124.03 69.261 89.354 117.89 127.01 82.504 129.56 213.28 137.34 203.68 166.32 214.29 174.29 227.12 227.15 210.77 195.88 192.38 199.99 229.49 133.51 185.64 185.64 0 166.19 190.34 206.4 0 156.19 180.8 0 0 0 0 0 0 0 0 0 0 180.33 0 0 187 198.18 193.97 199.68 171.36 187.18 183.89 0 182.43 189.79
135.62 142.2 107.37 97.754 82.103 98.272 63.581 66.781 57.125 0 87.22 99.739 94.442 64.344 74.446 102.85 113.39 161.48 142.4 129.12 131.33 162.47 144.53 140.93 162.04 156.86 161.26 150.75 155.25 97.561 157.33 101.46 151.09 173.23 173.27 166.77 176.23 171.68 168.46 99.045 66.426 62.015 112.23 130.51 77.699 55.321 147.91 170.22 121.62 148.98 166.61 210.23 0 77.351 168.12 179.97 139.47 131.42 129.51 70.1 136.8 113.7 109.73 86.945 104.95 129.36 125.31 104.28 124.96 122.34 143.69 205.75 216.87 143.52 190.89 205.93 206.74 199.48 207.35 204.91 209.54 207.55 195.67 145.21 178.05 138.91 210.26 216.78 212.8 196.8 199.68 214.72 210.73 0 0 0 0 0 0 0 0 0 0 0 0 0 0 0 0 0 0 0 0 195.57 200.05 0 198.86 191.75 0 186.83 188.99 190.39 177.39 0 182.43 169.31
146.74 128.61 165.09 150.52 163.1 174.37 85.652 91.567 112.89 87.22 0 125.26 85.358 63.517 94.185 77.97 130.12 152.06 125.46 110.71 120.24 139.45 127.77 144.09 136.73 157.53 125.98 56.449 140.3 90.125 125.17 80.648 103.33 157.32 159.42 151.94 147.84 141.86 140.85 95.386 88.763 105.6 102.58 135.63 69.166 44.832 120.47 144.23 94.215 92.405 105.23 119.25 79.301 58.359 180.87 201.19 147.53 128.2 123.31 124.46 129.04 105.22 104.14 113.09 74.766 118.07 101.58 75.383 104.24 98.25 146.51 184.87 190.74 113.75 181.7 180.23 183.21 189.19 172.15 185.25 160.76 88.365 181.8 106.68 160.66 114.72 169.62 185.93 181.63 159.76 171.98 172.75 183.31 0 0 0 0 0 0 0 0 0 0 0 0 0 0 0 0 0 0 0 0 0 0 0 0 0 0 0 0 0 0 0 0 0
133.48 122.69 79.516 82.775 90.812 95.562 93.312 103.53 91.142 99.739 125.26 0 96.807 100.31 94.384 92.239 95.788 133.76 137.37 114.77 133.64 141.98 150.55 137.79 167.59 136.28 184.5 156.2 154.94 134.07 165.73 155.62 175.16 146.99 145.04 163.79 160.07 170.97 190.59 105.68 92.028 82.733 113.22 157.18 132.63 110.41 161.29 143.54 131.68 128.42 142.13 161.46 159.56 114.87 152.21 167.26 115.92 121.67 118.93 122.79 124.69 125.83 122.16 127.76 117.81 120.15 132.31 114.23 122.44 113.64 114.95 189.53 204.96 136.24 173.17 180.06 186.73 177.63 190.72 181.58 159.88 169.83 174.18 91.296 159.88 95.253 167.09 182.89 189.3 175.54 160.23 182.05 167.62 0 0 0 0 0 0 0 0 0 0 0 0 0 0 0 0 85.586 93.538 0 0 194.09 182.74 0 188.76 180.14 185.99 189.24 186.98 185.7 190.26 189.75 198.14 184.88
144.42 169.28 133.28 108.98 121.69 131.86 119.23 93.337 88.719 94.442 85.358 96.807 0 73.952 96.705 90.019 142.22 163.63 69.117 97.514 130.01 180.18 158.33 79.681 173.37 169.73 168.95 168.97 125.57 109.97 153.59 111.15 153.03 181.11 183.09 179.32 166.57 183.1 180.72 127.45 88.305 89.606 136.43 156.03 85.671 66.367 173.27 177.09 115.59 115.22 179.06 174.5 0 47.682 187.41 217.22 151.68 129.98 131.64 127.48 141.6 108.37 114.92 123.38 79.475 122.71 110.1 73.842 99.855 109.99 156.09 202.13 220.63 123.7 209.81 212.33 205.34 199.75 199.98 205.36 153.52 142.95 168.94 77.788 132.31 86.504 148.92 189.68 212.88 179.54 198.27 188.35 171.78 0 0 0 0 0 0 0 0 0 0 0 0 0 0 0 0 0 0 0 0 206.48 0 0 0 0 0 200.79 212.17 0 0 0 195.47 0
168.62 130.4 135.65 117.59 132.85 151.85 69.465 71.027 63.24 64.344 63.517 100.31 73.952 0 90.309 73.708 133.29 166.55 150.75 102.98 140.41 158.54 151.79 157.76 158.53 160.58 156.54 69.846 157.63 88.909 148.22 87.844 130.82 169.14 172.19 162 171.31 164.74 164.02 106.66 67.091 66.802 105.87 115.87 66.705 33.028 123.99 145.3 90.479 96.538 91.449 127.99 73.748 54.468 190.11 207.36 147.53 125.24 116.68 83.955 128.29 99.478 98.895 108.21 68.932 115.83 96.599 66.337 104.43 95.262 154.06 196.49 209.45 111.17 199.57 198.34 202.72 200.42 191.72 196.58 191.34 82.391 194.19 107.42 167.55 117 183.71 209.05 205.17 162.36 196.54 185.59 203.87 0 0 0 0 0 0 0 0 0 0 0 0 0 0 0 0 0 0 0 0 0 0 0 0 0 0 0 0 0 0 0 0 0
93.82 94.305 81.426 86.334 87.042 83.951 82.172 92.545 82.44 74.446 94.185 94.384 96.705 90.309 0 106.91 108.86 152.53 89.286 85.679 81.95 98.031 93.793 89.214 104.41 111.82 122.54 125 112.84 90.438 124.22 100.01 131.02 129.16 130.07 128.31 111.5 117.3 127.73 94.75 85.401 73.224 85.719 110.13 100.62 125.2 143.2 159.51 129.78 154.75 150.29 178.82 153.55 123.73 124.11 137.01 118.18 131.97 127.45 117.04 135.47 122.08 128.92 139.01 115.58 129.93 117.8 108.24 164.69 122.35 125.04 161.6 169.8 143.87 144.49 154.72 157.57 150.16 164.94 156.54 193.53 193.75 173.45 118.96 188.73 196.21 193.33 183.19 166.51 154.46 165.73 176.94 191.71 0 0 0 0 0 0 0 0 0 0 0 0 0 0 0 0 0 91.598 102.92 0 190.41 193.74 205.84 174.61 167.42 182.08 184.9 190.52 184.53 183.39 177.54 187.63 172.75
113.71 131.03 95.549 103.87 110.13 115.58 117.52 103.24 110.11 102.85 77.97 92.239 90.019 73.708 106.91 0 95.649 130.75 180.65 115.25 141.15 153.18 164.07 167.09 175.2 137.44 178.38 162.94 179.95 114.75 187.06 135.92 181.96 144.09 144.39 158.82 157.05 169.86 179.38 128.16 112.43 107.24 135.61 154.57 107.87 57.842 180.72 130.82 117.59 116.17 126.64 167.92 143.06 70.28 115.57 144.52 105.8 116.3 114.38 121.52 125.03 112.14 113.13 121.98 93.115 113.29 109.17 93.883 125.63 104.07 102.99 179.79 203.35 120.48 126.71 159.1 167.37 170.57 175.81 164.28 203.29 184.9 191.41 144.74 184.68 172.47 191.23 196.22 174 197.65 161.62 180.52 206.09 0 0 0 0 0 0 0 0 0 0 0 0 0 0 0 0 0 0 0 0 196.1 224.48 0 191 0 198.74 218.7 0 0 0 232.06 224.48 143.55
111.88 97.467 88.904 102.54 124.54 113.39 120.96 150.03 135.94 113.39 130.12 95.788 142.22 133.29 108.86 95.649 0 93.963 120.03 117.54 111.05 108.4 116.58 112.7 132.36 94.898 156.36 112.2 122.25 144.26 132.61 151.23 147.73 110.01 102.41 132.07 110.55 114.11 173.2 104.57 99.131 98.077 114.4 128.93 124.3 116.79 165.77 125.23 119.52 124.87 127.23 148.39 147.84 163.96 116.88 117.56 107.85 119.79 118.13 129.42 135.54 163.35 155.59 161.78 146.91 123.79 170.59 142.41 136.54 105.71 103.76 118.77 139.33 131.06 122.66 123.91 127.07 124.18 134.67 118.89 164.44 166.53 141.64 158.41 157.94 177.99 171.23 159.8 130.01 163.77 115.31 151.73 177.97 0 0 0 0 0 0 0 0 0 0 0 0 0 0 0 0 0 0 0 0 196.97 0 0 176.13 241.03 195.91 195.62 199.86 189.37 190.99 222.4 175.41 188.73
88.893 87.336 114.27 138.06 158.16 156.74 164.45 186.49 196.01 161.48 152.06 133.76 163.63 166.55 152.53 130.75 93.963 0 141.02 141.33 106.79 120.71 125.8 125.11 137.93 97.927 137.01 119.49 152.22 166.96 156.02 176.02 161.6 114.23 116.61 108.98 128.07 133.34 139.28 133.43 129.15 139.79 132.53 81.962 154.23 151.92 177.52 141.16 179.52 148.78 147.29 110.33 163.3 189.68 170.83 139.61 166.88 194.6 193.03 192.35 200.12 204.81 207.21 208.11 187.43 193.59 195.82 194.27 155.72 185.99 115.98 126.08 150.68 152.99 129.66 128.82 130.16 133.35 132.21 126.82 150.13 153.99 162.8 176.9 169.62 188.62 167.21 133.32 135.21 133.35 138.2 142.68 150.85 0 0 0 0 0 0 0 0 0 0 0 0 0 0 0 0 0 0 0 0 217.9 0 0 243.59 0 233.07 240.46 213.5 0 0 212.73 0 179.7
132.72 118.21 165.18 159.2 154.36 125.52 135.97 164.58 151.38 142.4 125.46 137.37 69.117 150.75 89.286 180.65 120.03 141.02 0 92.779 95.108 98.321 92.834 83.328 95.744 107.19 90.979 125.09 86.944 124.7 113.35 149.09 133.26 127.79 121.86 133.67 98.956 107.07 129.45 109.7 150.29 88.388 97.506 125.91 105.53 178.21 142.37 153.91 168.16 162.39 166.6 181.96 0 0 162.93 144.31 168.69 192.4 188.57 172.33 194.64 207.25 207.31 210.54 164.78 192.01 201.93 155.34 165.46 192.61 137.84 152.69 159.45 155.75 146.83 150.03 147.59 144.11 156.31 146.96 185.99 190.97 162.88 116.36 177.15 203.08 184.1 171.58 157.27 171.4 162.05 165.79 181.05 0 0 0 0 0 0 0 0 0 0 0 0 0 0 0 0 0 0 102.92 0 200.43 0 205.84 172.07 175.51 182.4 178.47 200.18 200.79 182.92 0 205.84 181.63
90.433 109.92 82.746 95.611 120.67 86.543 118.73 111.82 144.84 129.12 110.71 114.77 97.514 102.98 85.679 115.25 117.54 141.33 92.779 0 69.902 102.33 95.467 81.396 103.06 110.59 120.75 129.37 106.41 136.36 126.18 158.66 143.94 144.59 126.43 150.84 108.19 112.59 140 94.161 85.272 72.286 77.008 127.09 106.18 99.674 141.71 150.13 134.62 150.4 146.18 174.47 163.35 118.01 127.08 143.51 121.56 136.65 130.53 142.21 156.57 129.14 136.51 147.78 115.1 138.45 124.59 118.44 159.87 126.49 130.5 152.88 161.7 149.11 145.38 149.1 149.5 148.9 155.79 147.9 189.76 189.75 163.25 121.93 180.28 199.92 188.08 174.99 160.12 182.93 164.61 169.56 184.1 0 0 0 0 0 0 0 0 0 0 0 0 0 0 0 0 0 91.598 102.92 0 193.77 0 205.84 170.94 151.63 190.2 185.27 187.58 185.34 204.39 188.42 205.84 178.17
71.827 85.982 100.78 108.42 101.88 89.056 117.98 134.41 138.31 131.33 120.24 133.64 130.01 140.41 81.95 141.15 111.05 106.79 95.108 69.902 0 90.382 73.056 64.914 93.245 96.086 119.47 125.74 105.45 144.37 117.42 154.26 127.16 176.45 148.54 162.78 109.09 106.97 127.33 77.422 69.561 74.007 82.016 112.46 94.143 146.74 137.56 133.55 131.26 136.39 140.46 157.37 166.32 130.5 126.19 126.07 122.39 138.36 140.26 165.82 178.72 110.38 130.56 129.27 107.83 168.46 146.72 89.881 120.05 142.67 120.2 131.45 145.69 142.29 129.3 125.93 132.04 130.02 142.37 126.08 163.56 154.35 145.18 63.564 155.14 125.39 166.55 169.63 138.8 162.68 147.72 155.82 170.04 0 0 0 0 0 0 0 0 0 0 0 0 0 0 0 0 92.31 92.31 102.92 0 193.75 191.55 205.84 171.99 174.2 180.29 188.91 194.63 187.25 187.22 183.52 168.83 181.77
98.603 92.988 104.92 115.14 119.41 135.81 140.69 153.27 164.48 162.47 139.45 141.98 180.18 158.54 98.031 153.18 108.4 120.71 98.321 102.33 90.382 0 81.517 92.253 77.14 97.816 112.2 130.6 111.43 135.56 121.91 143.8 128.24 117.8 106.45 127.11 87.734 84.852 113.62 86.795 104.25 91.363 107.56 120.35 111.81 155.99 147.01 138.3 158.75 146.17 152.95 97.648 163.23 182.79 151.16 133.9 147.68 170.12 169.26 182.98 194.9 205.76 195.37 206.31 179.8 181.32 208.25 181.88 154.59 163.5 124.42 128.77 148.24 152.18 134.79 129.3 132.78 129.56 135.85 125.86 131.63 160.34 154.64 153.4 165.6 184.11 165.98 143.35 138.91 116.89 142.78 146.5 136.94 0 0 0 0 0 0 0 0 0 0 0 0 0 0 0 0 0 91.598 0 0 200.14 199.79 0 178.75 186.64 195.19 194.32 201.23 194.44 189.71 190.94 197.98 196.7
94.803 93.301 108.93 121.25 114.41 112.48 123.65 136.2 148.2 144.53 127.77 150.55 158.33 151.79 93.793 164.07 116.58 125.8 92.834 95.467 73.056 81.517 0 67.712 73.763 98.154 108.15 127.56 94.161 119.08 79.237 125.59 99.098 163.88 139.73 157.13 83.127 74.639 113.18 79.979 96.333 85.994 101.22 119.52 103.15 147.88 141.81 136.36 166.79 144.6 156.28 151.24 155.94 176.96 155.8 133.57 152.35 175.92 173.06 179.51 193.71 204.58 200.83 202.45 170.11 184.43 202.11 174.82 153.62 171.81 126.65 131.07 147.54 152.9 133.9 129.44 132.4 133.5 135.56 128.2 170.61 168.52 151.3 135.41 164.86 182.84 171.42 155.14 139.48 159.61 142.51 147.09 169.13 0 0 0 0 0 0 0 0 0 0 0 0 0 0 0 0 0 91.598 0 0 199.49 196.62 0 174.19 179.36 184.92 193.68 207.54 193.72 187.02 187.41 164.3 195.95
103.64 97.191 112.87 134.43 139.37 109.53 124.53 159.96 145.23 140.93 144.09 137.79 79.681 157.76 89.214 167.09 112.7 125.11 83.328 81.396 64.914 92.253 67.712 0 70.625 99.881 106.33 110.46 83.98 98.351 83.786 126.3 110.13 98.535 127.12 73.937 95.82 109.36 147.98 79.122 117.27 75.651 87.615 102.13 98.02 157.85 142.21 139.92 155.65 148.67 148.4 151.52 177.92 178.73 151.39 131.59 145.21 182.78 176.9 169.82 189.07 201.1 195.22 194.53 170.82 185.03 199.92 172.69 151.94 178.49 128 135.37 147.88 149.45 135.1 137.19 138.18 135.86 143.25 132.86 172.54 176.03 146.4 118.36 164.12 186.8 174.93 168.64 147.77 170.67 150.78 156.01 191.95 0 0 0 0 0 0 0 0 0 0 0 0 0 0 0 0 0 0 102.92 0 173.81 0 205.84 175.21 0 179.87 189.22 201.29 169.23 232 0 205.84 0
109.07 161.43 151.67 145.48 121.63 132.65 136.34 139.85 161.08 162.04 136.73 167.59 173.37 158.53 104.41 175.2 132.36 137.93 95.744 103.06 93.245 77.14 73.763 70.625 0 87.062 114.55 132.31 96.058 118.83 74.079 126.5 96.521 162.41 134.26 151.63 86.186 78.15 95.192 84.023 127.08 95.703 114.62 126.64 105.24 150.37 143.83 143.63 185.16 150.63 168.7 153.32 155.16 166.57 176.96 167.1 174.36 186.32 180.41 179.38 195.39 210.83 206.65 207.03 171.89 192.75 224.04 183.92 160.25 180.79 143.29 137.57 152.74 175.58 146.65 137.2 137.59 142.05 137.38 135.59 172.54 172.09 155.31 114.89 175.61 186.25 176.61 158.26 141.89 163.68 144.33 150.04 170.21 0 0 0 0 0 0 0 0 0 0 0 0 0 0 0 0 0 0 0 0 209.5 0 0 175.89 0 190.03 189.57 217.68 210.79 211.91 0 0 229.94
103.77 80.211 104.72 125.26 132.63 140.07 146.34 173.14 162.14 156.86 157.53 136.28 169.73 160.58 111.82 137.44 94.898 97.927 107.19 110.59 96.086 97.816 98.154 99.881 87.062 0 103.66 91.518 119.98 136.8 124.36 142.03 124.33 86.102 95.586 83.938 106.13 107.59 111.57 93.51 103.22 102.24 112.41 74.13 118.77 150.13 154.45 135.64 160.21 143.92 148.55 125.37 160.26 183.65 145.01 126.97 141.48 175.26 172.06 179.13 190.89 206.55 205.57 203.92 185.22 183.58 201.26 191.45 151.81 169.07 119.56 122.93 144.65 147.58 129.96 123.42 130.78 127.01 133.02 126.87 157.11 159.63 154.22 162.24 165.3 185.58 165.98 136.98 135.63 139.07 135.47 142.67 154.21 0 0 0 0 0 0 0 0 0 0 0 0 0 0 0 0 0 0 0 0 197.51 195.98 0 173.75 178.89 188.13 190.56 203.67 199.16 194.26 215.02 197.98 195.55
152.88 147.53 176.68 182.98 169.08 167.78 170.91 161.52 165.58 161.26 125.98 184.5 168.95 156.54 122.54 178.38 156.36 137.01 90.979 120.75 119.47 112.2 108.15 106.33 114.55 103.66 0 80.064 126.78 93.852 100.04 96.703 84.741 95.877 116.65 67.514 92.574 75.509 63.331 99.593 161.05 118.88 123.47 64.947 84.98 123.71 134.4 173.08 204.37 168.73 178.73 142.75 149.32 134.51 210.19 186.66 207.96 216.83 212.69 174.89 217.04 213.81 210.43 206.39 140.96 217.88 209.65 194.87 181.4 210.21 170.31 157.02 178.26 182.44 168.77 167.67 171.82 175.37 169.37 159.48 83.213 173.31 164.83 162.53 173.54 183.48 165.37 146.23 144.71 128.44 109.7 121.7 76.837 0 0 0 0 0 0 0 0 0 0 0 0 0 0 0 0 0 0 0 0 237.43 0 0 0 0 0 242.17 0 237.43 0 0 0 0
133.49 104.91 101.94 143.93 146.96 150.29 151.21 156.43 153.28 150.75 56.449 156.2 168.97 69.846 125 162.94 112.2 119.49 125.09 129.37 125.74 130.6 127.56 110.46 132.31 91.518 80.064 0 130.65 56.364 118.89 84.261 88.799 108.87 113.83 87.465 126.18 128.14 112.15 112.44 107.52 113.07 102.89 54.421 46.201 133.45 100.95 154.09 136.22 170.68 132.5 136.1 93.176 154.64 129.24 126.98 123.28 168.21 171.78 175.11 187.15 209.95 190.93 192.16 66.744 187.74 208.61 54.819 185.96 175.17 126.79 166.89 183.62 177.92 146.65 163.59 167.81 167.11 166.15 165.44 187.74 86.083 186.51 197.17 198.94 198.83 195.65 179.55 130.37 160.81 168.69 180.94 190.45 144.24 138.71 137.23 143.88 153.92 146.49 171.18 0 0 167.79 143.4 0 0 0 0 0 85.586 52.946 59.151 0 131.76 120.35 0 112.64 115.31 122.29 130.88 133.01 131.6 126.94 120.75 114.65 127.04
129.6 124.77 168.57 165.04 154.62 130.06 139.04 161.98 157.42 155.25 140.3 154.94 125.57 157.63 112.84 179.95 122.25 152.22 86.944 106.41 105.45 111.43 94.161 83.98 96.058 119.98 126.78 130.65 0 101.04 93.604 127.63 122.92 132.88 135.18 128.21 126.02 120.14 128.9 91.464 163.68 104.52 119.98 91.336 115.59 139.97 142.19 161.69 188.34 131.39 141.22 173.77 171.23 159.99 179.71 145.91 187.98 198.35 195.36 166.78 200.26 205.57 204.53 208.4 163.85 197.4 202.3 187.32 134.08 195.8 143.24 160.26 119.19 139.67 148.26 149.39 147.85 149.39 142.02 152.34 190.11 187.59 136.8 114.62 178.33 198.47 184.9 185.01 165.49 157.25 158.24 152.93 192.63 0 0 0 0 0 162 164.26 0 0 0 0 0 0 0 0 0 0 0 0 0 0 0 0 0 0 203.31 0 200.43 0 232 0 0 219.85
168.79 148.44 182.94 135.49 161.92 165.95 139.67 95.449 103.11 97.561 90.125 134.07 109.97 88.909 90.438 114.75 144.26 166.96 124.7 136.36 144.37 135.56 119.08 98.351 118.83 136.8 93.852 56.364 101.04 0 102.86 67.367 81.754 137.84 146.02 127.69 141.37 130.86 131.36 79.492 126.22 103.28 123.28 62.474 35.997 93.472 111.12 175.39 152.25 168.05 170.97 164.67 171.39 104.88 172.11 159.58 200.08 191.62 180.7 142.71 176.24 155.71 179.01 177.42 117.15 185.54 151.88 126.38 159.73 173.7 159.28 173.88 144.77 139.78 161.52 163.08 156.77 135.11 131.6 166.72 178.12 186 122.59 123.24 123.64 141.73 155.74 153.24 124.27 153.45 154.15 131.7 150.96 0 0 0 0 0 0 0 0 0 0 0 0 0 0 0 0 0 0 0 0 0 0 0 0 0 0 0 181.01 0 0 0 0 0
129.17 147.66 168.1 165.45 148.35 139.12 145.22 156.91 161.59 157.33 125.17 165.73 153.59 148.22 124.22 187.06 132.61 156.02 113.35 126.18 117.42 121.91 79.237 83.786 74.079 124.36 100.04 118.89 93.604 102.86 0 101.09 82.016 129.89 132.23 122.05 126.5 91.512 92.005 95.983 162.58 115.69 140.75 86.199 97.874 122.48 139.93 164.01 199.91 169.01 175.7 167.26 167.6 141.02 183.1 162.62 192.81 202.07 194.4 172.3 190.58 192.89 202.71 183.49 147.65 205.62 198.9 170.67 167 198.68 152.8 162.66 168.29 161.7 158.58 157.68 156.87 152.71 148.67 159.47 171.55 181.07 128.98 118.12 131.24 142.26 159.08 169.33 164.64 152.8 161.24 155.1 166.89 0 0 0 0 0 0 0 0 0 0 0 0 0 0 0 0 0 0 0 0 190.24 0 0 177.33 0 169.8 182.38 198.84 186.74 214.87 0 0 190.74
166.13 169.59 197.34 163.18 180.62 172.6 168.22 97.424 116.74 101.46 80.648 155.62 111.15 87.844 100.01 135.92 151.23 176.02 149.09 158.66 154.26 143.8 125.59 126.3 126.5 142.03 96.703 84.261 127.63 67.367 101.09 0 91.757 142.46 151.25 128.35 148.06 134.31 125.2 78.008 132.18 108.93 95.68 65.52 45.043 82.089 104.98 184.02 176.99 165.29 185.27 165.18 132.44 109.09 217.44 190.19 218.26 212.95 221.75 149.95 223.04 165.07 197.94 200.79 115.77 208.19 150.13 134.75 195.45 191.9 169.56 182.42 196.75 204.38 182.69 178.49 178.72 181.09 178.74 180.68 186.57 186.56 173.2 150.56 196.77 165.52 188.83 204.4 139.63 186.92 180.83 198.51 207.96 0 0 0 0 0 0 0 0 0 0 0 0 0 0 0 0 0 0 0 0 0 0 0 0 0 0 0 181.01 0 0 0 0 0
137.7 182.67 177.47 171.7 155.45 149.31 154.1 146.01 161.87 151.09 103.33 175.16 153.03 130.82 131.02 181.96 147.73 161.6 133.26 143.94 127.16 128.24 99.098 110.13 96.521 124.33 84.741 88.799 122.92 81.754 82.016 91.757 0 130.39 134.5 115.3 128.81 95.709 86.657 89.054 159.61 129.37 130.36 57.726 67.407 101.9 127.65 173.09 200.18 169.22 175.32 171.8 140.53 121.62 204.01 191.79 199.16 207.61 204 174.78 213.54 212.03 218 217.22 127.32 210.17 194.08 188.12 187.11 202.5 163.24 167.48 180.98 189.83 172.29 166.71 168.88 172.21 168.72 166.36 187.43 188.94 173.31 164.75 193.36 182.26 189.49 183.17 158.18 171.89 166.63 180.28 191.18 0 0 0 0 0 0 0 0 0 0 0 0 0 0 0 0 0 0 0 0 0 0 0 0 0 0 0 0 0 0 0 0 0
173.73 156.98 121.07 149.91 169.62 180.77 181.48 176.14 176.7 173.23 157.32 146.99 181.11 169.14 129.16 144.09 110.01 114.23 127.79 144.59 176.45 117.8 163.88 98.535 162.41 86.102 95.877 108.87 132.88 137.84 129.89 142.46 130.39 0 55.415 58.232 61.911 79.443 74.148 108.51 168.75 118.77 141.57 86.901 121.17 153.79 146.51 162.25 186.28 165.75 168.13 129.18 169.68 177.37 201.15 172.07 185.19 199.04 198.65 195.31 206.21 200.96 197.24 197.35 179.41 197.62 203.71 180.08 167.69 192.33 155.5 134.64 167.92 171.54 144.08 151.8 154.52 157.03 153.11 144.6 145.42 153.78 166.94 164.24 170.54 183.79 169.76 101.3 130.15 76.053 148.56 155.63 155.02 0 0 0 0 213.53 0 0 0 0 213.53 0 0 0 0 0 0 0 0 0 0 237.43 0 0 202.18 0 0 202.18 0 225.98 223.97 188.24 0 0
96.347 84.4 117.1 139.37 125.87 159.73 165.93 178.93 179.5 173.27 159.42 145.04 183.09 172.19 130.07 144.39 102.41 116.61 121.86 126.43 148.54 106.45 139.73 127.12 134.26 95.586 116.65 113.83 135.18 146.02 132.23 151.25 134.5 55.415 0 80.605 73.446 107.95 113.35 113.1 129.17 119.9 117.73 90.528 130.77 159.57 162.04 155.02 184.2 161.52 159.38 143.07 177.04 190.86 146.05 146.8 148.81 191.69 187.83 196.75 207.77 219.16 220.98 219.23 195.01 198.24 211.71 204.07 169.36 188.55 141.07 134.21 156.29 157.19 151.1 146.76 150.55 156.39 147.77 145.14 172.87 176.79 175.17 176.04 178.96 202.86 178.08 138.95 127.62 122.85 150.13 155.52 167.59 0 0 0 0 0 0 0 0 0 0 0 0 0 0 0 0 0 0 0 0 0 0 0 154.54 0 0 225.44 0 219.07 0 0 0 0
179.17 165.42 138.68 166.06 178.53 188.92 177.45 167.76 168.55 166.77 151.94 163.79 179.32 162 128.31 158.82 132.07 108.98 133.67 150.84 162.78 127.11 157.13 73.937 151.63 83.938 67.514 87.465 128.21 127.69 122.05 128.35 115.3 58.232 80.605 0 74.397 70.368 56.149 107.31 172.9 120.53 132.2 72.405 113.49 143.27 134.28 174.95 196.34 178.23 189.01 131.26 167.32 164.67 199.66 183.32 201.68 212.14 208.23 175.32 214.79 220.47 226.19 225.75 168.47 210.32 217.96 175.47 187.43 205.02 161.83 137.6 175.91 178.05 147.12 159.1 162.47 161.87 158.34 149.24 163.66 154.76 160.64 169.36 188.28 204.86 182 153.2 157.87 134.33 125.31 162.25 164.7 0 0 0 0 0 0 0 0 0 0 0 0 0 0 0 0 0 0 0 0 237.43 0 0 182.2 0 0 202.18 0 237.43 223.97 0 0 0
133.5 86.834 96.231 144.92 144.59 153.01 159.87 177.83 179.53 176.23 147.84 160.07 166.57 171.31 111.5 157.05 110.55 128.07 98.956 108.19 109.09 87.734 83.127 95.82 86.186 106.13 92.574 126.18 126.02 141.37 126.5 148.06 128.81 61.911 73.446 74.397 0 76.096 79.685 106.37 143.2 107.45 131.8 103.44 122.8 157.75 152.38 158.1 146.58 164.56 161.59 148.01 177.63 194.12 129.42 129.47 125.2 173.64 179.26 196.67 209.42 225 229.17 224.09 186.82 201.8 223.26 186.89 172.34 176.07 133.16 139.67 160.75 162.64 153.26 149.35 151.8 154.5 149.24 149 177.5 181.02 177.02 154.69 182.65 205.26 181.3 156.31 154.91 126.42 156.53 160.05 172.42 0 0 0 0 0 0 0 0 0 0 0 0 0 0 0 0 0 0 102.92 0 195.85 0 205.84 196.3 206.4 227.44 213.15 200.66 207.78 212.44 197.64 205.84 201.2
121.22 150.48 133.41 152.73 133.41 146.21 150.27 165.47 171.6 171.68 141.86 170.97 183.1 164.74 117.3 169.86 114.11 133.34 107.07 112.59 106.97 84.852 74.639 109.36 78.15 107.59 75.509 128.14 120.14 130.86 91.512 134.31 95.709 79.443 107.95 70.368 76.096 0 61.756 100.29 145.78 106.72 124.63 108.74 115.88 150.16 143.83 156.04 183.54 163.6 163.66 152.82 175.53 180.76 178.05 164.06 176.99 192.81 188.22 186.72 203.24 218.96 221.53 218.96 173.8 200.19 219.62 172.95 171.02 187.46 140.05 143.74 161.09 168.72 156.57 146.76 148.2 152.21 146.17 151.57 180.3 181.93 166.55 134.03 185.06 203.35 184.41 161.36 157.99 144.07 151.8 163.76 174.94 0 0 0 0 0 0 0 0 0 0 0 0 0 0 0 0 0 0 0 0 205.29 185.2 0 179.15 182.44 190.5 198.24 207.92 208.4 212.8 206.47 197.98 203.69
138.64 183.92 175.37 180.25 153.2 157.4 164.26 168.39 168.97 168.46 140.85 190.59 180.72 164.02 127.73 179.38 173.2 139.28 129.45 140 127.33 113.62 113.18 147.98 95.192 111.57 63.331 112.15 128.9 131.36 92.005 125.2 86.657 74.148 113.35 56.149 79.685 61.756 0 112.27 168.17 120.58 139.53 95.897 119.2 142.93 148.2 172.61 197.81 176.59 173.45 150.19 175.84 171.85 203.4 201.35 199.29 209.22 205.26 176.21 211.73 225.61 228.08 226.12 171.71 213.76 211.68 190.1 184.03 203.8 174.87 152.58 172.9 174.86 170.66 162.37 164.88 169.48 161.67 159.46 183.09 184.11 163.15 158.12 192.27 211.45 188.97 166.86 164.41 147.17 119.91 169.59 167.06 0 0 0 0 0 0 0 0 0 0 0 0 0 0 0 0 0 0 0 0 237.43 0 0 0 0 0 242.17 0 228.05 223.97 0 0 0
83.154 83.98 86.131 93.321 93.301 101.71 102.52 111.02 96.409 99.045 95.386 105.68 127.45 106.66 94.75 128.16 104.57 133.43 109.7 94.161 77.422 86.795 79.979 79.122 84.023 93.51 99.593 112.44 91.464 79.492 95.983 78.008 89.054 108.51 113.1 107.31 106.37 100.29 112.27 0 69.025 78.133 89.979 58.844 51.057 52.716 93.32 144.15 139.82 151.2 146.79 169.4 162.86 140.25 131.32 133.26 127.34 141.28 136.64 137.87 145.48 170.76 149.59 173.47 132.61 140.78 176.77 117.08 161.3 136.19 126.11 145.14 158.45 149.98 139.78 130.12 145.03 137.62 148.43 144.03 182.95 179.35 168.46 175.5 183.62 194.27 184.31 168.29 150.47 134.86 154.48 161.49 177.43 153.86 0 0 0 0 0 0 0 0 0 158.51 158.51 0 0 0 0 0 65.601 0 0 160.65 174.06 0 143.24 158.91 148.65 151.96 168.16 157.75 145.28 147.95 126.62 139.51
67.764 73.114 75.378 83.994 71.95 73.468 79.704 75.022 64.268 66.426 88.763 92.028 88.305 67.091 85.401 112.43 99.131 129.15 150.29 85.272 69.561 104.25 96.333 117.27 127.08 103.22 161.05 107.52 163.68 126.22 162.58 132.18 159.61 168.75 129.17 172.9 143.2 145.78 168.17 69.025 0 40.72 55.799 81.832 59.658 66.924 109.93 147.55 145.88 138.79 152.94 179.63 140.58 85.038 123.01 127.41 120.11 135.51 131.07 103.22 137.47 149.7 140.37 151.94 128.72 134.77 152.4 128 148.85 129.8 119.04 182.82 173.74 145.32 135.51 114.84 170.03 140.36 185.31 173.6 198.84 171.71 189.59 154.94 197.05 190.68 200.08 201.19 176.07 186.92 181.53 193.88 0 0 0 0 0 0 0 0 0 0 0 0 0 0 0 0 0 0 49.857 0 0 156.27 160.33 0 153.54 139.5 139.8 160.25 150.25 145.29 150.39 140.73 157.72 147.04
77.404 84.862 76.277 77.725 78.47 78.821 73.501 73.512 61.28 62.015 105.6 82.733 89.606 66.802 73.224 107.24 98.077 139.79 88.388 72.286 74.007 91.363 85.994 75.651 95.703 102.24 118.88 113.07 104.52 103.28 115.69 108.93 129.37 118.77 119.9 120.53 107.45 106.72 120.58 78.133 40.72 0 73.015 119.79 78.12 72.104 121.87 143.66 126.53 135.12 138.55 169.93 128.03 108.9 116.53 122.73 111.42 123.01 118.51 106.63 127.99 151.25 136.01 151.78 122.86 122.83 155.98 128.93 150.46 116.95 110.85 152.61 161.64 134.24 130.45 139.15 149.61 140.95 156.94 149.45 175.85 179.87 167.22 132.36 182.31 164.99 183.69 173.78 157.44 147.05 158.66 167.43 180.87 0 0 0 0 0 199.23 199.23 0 0 199.23 0 0 0 0 0 0 85.586 85.586 61.603 0 164.69 163.08 0 163.33 133.69 167.45 156.53 149.05 163.85 154.52 171.17 109.83 155.24
86.339 92.664 98.911 101.2 99.562 99.576 110.65 123.15 113.87 112.23 102.58 113.22 136.43 105.87 85.719 135.61 114.4 132.53 97.506 77.008 82.016 107.56 101.22 87.615 114.62 112.41 123.47 102.89 119.98 123.28 140.75 95.68 130.36 141.57 117.73 132.2 131.8 124.63 139.53 89.979 55.799 73.015 0 84.125 63.976 101.15 113.23 144.93 157.59 155.1 145.02 154.38 134.68 0 134.79 134.2 132.28 148.04 146.17 151.42 158.16 177.99 159.64 167.06 122.33 149.3 176.62 87.212 169.26 143.6 127.16 164.96 176.84 150.6 144.65 139.36 170.94 145.5 174.54 164.84 164.75 148.56 176.68 167.21 188.4 148.75 195.95 186.77 169.88 153.29 173.72 183.92 0 0 0 0 0 0 0 0 0 0 0 0 0 0 0 0 0 85.586 71.051 56.738 0 145.61 137.32 0 135.71 130.6 137.98 137.45 143.8 138.39 140.8 134.72 126.2 128.98
113.65 117.49 136.19 155.28 148.96 149.41 158.04 124.93 128.8 130.51 135.63 157.18 156.03 115.87 110.13 154.57 128.93 81.962 125.91 127.09 112.46 120.35 119.52 102.13 126.64 74.13 64.947 54.421 91.336 62.474 86.199 65.52 57.726 86.901 90.528 72.405 103.44 108.74 95.897 58.844 81.832 119.79 84.125 0 37.619 99.681 121.73 164.43 168.51 156.21 168.82 112.64 0 121.16 166.58 156.35 159.76 194.59 187.88 199.75 197.25 211 0 181.73 123.85 200.71 212.06 117.27 181.62 198.63 156.77 119.92 177.92 178.87 144.02 147.36 159.4 156.95 157.54 129.15 139.92 121.35 183.69 169.68 172.06 173.16 156.1 133 121.25 129.62 139.1 144.68 146.12 0 0 0 0 0 0 0 0 0 0 0 0 0 0 0 0 0 0 0 0 153.52 0 0 162.87 130.23 106.95 169.26 177.18 176.88 0 0 164.3 145.1
97.002 99.712 102.32 107.94 117.35 133.06 144.37 75.167 83.918 77.699 69.166 132.63 85.671 66.705 100.62 107.87 124.3 154.23 105.53 106.18 94.143 111.81 103.15 98.02 105.24 118.77 84.98 46.201 115.59 35.997 97.874 45.043 67.407 121.17 130.77 113.49 122.8 115.88 119.2 51.057 59.658 78.12 63.976 37.619 0 74.388 82.825 154.06 0 124.46 146.44 137.94 96.748 96.737 145.82 154.9 140.78 156.99 155.66 125.1 190.04 173.24 135.07 184.16 85.578 159.31 167.79 69.12 173 150.81 142.74 162.31 175.96 182.16 159.68 155.95 159.48 159.88 160.72 159.5 159.06 137.64 180.47 143.05 170.38 135.26 163.05 183.44 168.58 160.79 166.74 178.98 182.34 0 0 0 0 0 0 0 0 0 0 0 0 0 55.215 0 0 0 0 0 0 146.65 0 0 177.07 111.77 151.75 150.88 134.96 135.56 92.557 0 0 119.22
151.22 139.27 138.09 123.1 142.66 163.29 44.948 56.407 60.415 55.321 44.832 110.41 66.367 33.028 125.2 57.842 116.79 151.92 178.21 99.674 146.74 155.99 147.88 157.85 150.37 150.13 123.71 133.45 139.97 93.472 122.48 82.089 101.9 153.79 159.57 143.27 157.75 150.16 142.93 52.716 66.924 72.104 101.15 99.681 74.388 0 99.358 148.69 100.09 117.93 169.84 126.2 0 98.438 197.42 0 132.46 133.95 139.44 78.918 148.33 118.82 119.59 144.55 94.118 130.12 117.53 72.846 166.51 113.28 152.98 190.24 202.14 167.61 174.2 179.62 179.93 181.15 177.08 182.53 147.61 146.61 180.91 121.63 150.51 114.57 146.34 177.7 185.63 165.63 180.99 179.76 164.43 0 0 0 0 0 0 0 0 0 0 0 0 0 0 0 0 0 0 0 0 0 0 0 0 0 0 0 131.81 0 0 0 0 0
144.44 146.46 148.91 151.3 153.23 152.7 155.51 158.52 148.01 147.91 120.47 161.29 173.27 123.99 143.2 180.72 165.77 177.52 142.37 141.71 137.56 147.01 141.81 142.21 143.83 154.45 134.4 100.95 142.19 111.12 139.93 104.98 127.65 146.51 162.04 134.28 152.38 143.83 148.2 93.32 109.93 121.87 113.23 121.73 82.825 99.358 0 87.542 102.03 127.91 103.2 96.513 96.391 124.95 145.69 146.16 148.67 152.75 152.6 161.91 157.1 152.31 145.17 145.39 131.24 157.25 166.54 113.72 150.05 174.97 158.37 179.32 153.83 149.78 141.6 147.08 144.62 147.48 145.71 153.4 159.72 104.35 160.14 131.3 154.81 118.56 171.04 151.23 154.04 102.37 151.65 147.04 153.8 135.9 142.95 145.99 151.76 159.63 154.45 152.9 155.25 144.25 146.12 158.54 168.78 181 142.58 0 0 173.46 154.03 152.43 0 155.82 157.86 205.84 126.23 139.33 140.08 146.85 157.76 155.95 154.07 150.59 143.31 150.36
130.29 134.7 123.6 137.33 134.32 143.75 147.29 159.59 100.36 170.22 144.23 143.54 177.09 145.3 159.51 130.82 125.23 141.16 153.91 150.13 133.55 138.3 136.36 139.92 143.63 135.64 173.08 154.09 161.69 175.39 164.01 184.02 173.09 162.25 155.02 174.95 158.1 156.04 172.61 144.15 147.55 143.66 144.93 164.43 154.06 148.69 87.542 0 54.134 71.915 79.827 54.987 57.941 83.731 80.081 79.24 81.482 91.842 91.898 108.26 103.71 103.77 94.019 97.595 91.271 97.822 120.7 87.089 98.881 118.28 91.886 133.1 111.7 96.399 77.307 83.591 83.436 84.992 87.339 92.074 114.42 96.926 100.94 84.655 105.53 81.985 115.8 111.26 104.13 87.064 101.82 98.466 114.46 133.6 139.3 140.02 141.99 149.45 143.85 146.81 143.63 124.68 136.73 144.82 147.91 142.94 75.475 0 0 62.083 59.996 0 0 0 0 0 124.41 0 0 0 0 0 0 0 0 0
118.64 128.6 113.89 130.5 121.24 133.44 131.76 116.54 99.065 121.62 94.215 131.68 115.59 90.479 129.78 117.59 119.52 179.52 168.16 134.62 131.26 158.75 166.79 155.65 185.16 160.21 204.37 136.22 188.34 152.25 199.91 176.99 200.18 186.28 184.2 196.34 146.58 183.54 197.81 139.82 145.88 126.53 157.59 168.51 0 100.09 102.03 54.134 0 39.883 41.491 68.458 61.291 54.485 62.533 63.505 70.543 80.76 71.266 83.471 79.12 70.24 59.624 61.609 68.531 85.531 77.606 62.748 86.034 95.341 78.297 158.75 151.24 78 62.383 78.707 100.27 103.07 114.41 83.415 170.6 91.232 156.7 120.92 148.44 141.51 149.22 171.04 105.23 143.76 122.65 135.44 164.51 138.42 128.16 132.28 137.76 143.46 142.77 139.38 132.77 125.67 131.34 143.27 166.14 203.25 0 0 0 61.191 69.385 0 0 0 0 0 0 0 0 0 0 0 0 0 0 0
121.63 133.05 116.19 123.85 119.36 131.02 135.23 133.55 101.01 148.98 92.405 128.42 115.22 96.538 154.75 116.17 124.87 148.78 162.39 150.4 136.39 146.17 144.6 148.67 150.63 143.92 168.73 170.68 131.39 168.05 169.01 165.29 169.22 165.75 161.52 178.23 164.56 163.6 176.59 151.2 138.79 135.12 155.1 156.21 124.46 117.93 127.91 71.915 39.883 0 74.904 85.851 105.31 34.058 78.231 83.102 77.429 78.611 77.924 88.596 84.074 70.05 61.783 59.84 50.435 79.857 78.3 42.546 83.341 101.59 93.201 140.81 89.528 70.581 77.16 88.88 87.67 85.413 95.406 101.85 106.17 124.95 95.075 112.45 115.55 123.17 133 113.3 110.5 104.9 107.57 103.58 114.77 145.95 143.21 158.31 159.4 162.55 159.47 160.43 167.16 162.26 153.55 170.91 180.44 0 0 0 0 94.304 73.822 0 0 0 0 0 0 0 0 0 0 0 0 0 0 0
130.1 137.38 124.67 136.88 135.44 144.05 149.93 131.27 99.432 166.61 105.23 142.13 179.06 91.449 150.29 126.64 127.23 147.29 166.6 146.18 140.46 152.95 156.28 148.4 168.7 148.55 178.73 132.5 141.22 170.97 175.7 185.27 175.32 168.13 159.38 189.01 161.59 163.66 173.45 146.79 152.94 138.55 145.02 168.82 146.44 169.84 103.2 79.827 41.491 74.904 0 69.539 65.735 133.71 82.09 85.228 86.897 92.857 95.059 99.684 104.38 108.62 103.19 99.981 87.462 97.511 107.67 67.266 91.037 120.3 99.64 139.07 97.715 74.006 79.527 94.731 92.669 90.278 105.84 106.26 135.28 90.728 114.12 159.23 135.69 175.67 146.9 142.19 114.65 137.09 111.01 114.89 165.19 118.42 120.18 124.67 128.92 132.03 129.43 126.54 129.87 114.54 120.48 132.5 145.78 147.13 92.237 0 0 75.202 67.049 60.992 0 0 0 0 0 0 0 0 0 0 0 0 0 0
161.07 146.66 151.7 177.17 183.63 180.14 210.26 206.82 127.24 210.23 119.25 161.46 174.5 127.99 178.82 167.92 148.39 110.33 181.96 174.47 157.37 97.648 151.24 151.52 153.32 125.37 142.75 136.1 173.77 164.67 167.26 165.18 171.8 129.18 143.07 131.26 148.01 152.82 150.19 169.4 179.63 169.93 154.38 112.64 137.94 126.2 96.513 54.987 68.458 85.851 69.539 0 70.008 98.226 113.2 112.64 116.88 145.14 140.5 164.75 162.78 126.26 128.04 120.38 105.67 163.34 155.06 93.299 108.09 162.22 128.08 91.539 128.15 122.79 100.73 114.16 111.77 113.4 116.55 77.929 72.166 53.952 114.49 75.296 93.72 71.634 77.784 84.829 98.977 77.568 107.58 101.82 92.177 140.25 138.81 140.04 135.58 134.51 126.4 119.39 113.25 155.39 113.5 130.77 123.62 120.12 0 0 0 0 0 0 0 0 0 0 0 0 0 0 0 0 0 0 0 0
149.73 165.72 144.66 151.38 156.06 152.16 156.8 131.67 114.67 0 79.301 159.56 0 73.748 153.55 143.06 147.84 163.3 0 163.35 166.32 163.23 155.94 177.92 155.16 160.26 149.32 93.176 171.23 171.39 167.6 132.44 140.53 169.68 177.04 167.32 177.63 175.53 175.84 162.86 140.58 128.03 134.68 0 96.748 0 96.391 57.941 61.291 105.31 65.735 70.008 0 0 106.17 108.21 105.8 111.02 115.2 120.72 134.63 153.13 143.78 161.65 50.513 121.03 138.53 49.073 123.46 140.01 119.22 147.54 127.46 101.2 106.12 120.69 116.4 118.13 117.47 119.29 103.68 60.835 146.93 14.487 117.01 25.574 124.82 120.08 117.86 86.917 123.42 118.04 122.27 108.42 121.48 133.33 141.24 141.48 132.72 125.12 130.14 122.99 118.03 140.24 141.39 0 0 0 0 0 0 0 0 0 0 0 0 0 0 0 0 0 0 0 0 0
