0.000000000000000000e+00 6.871399999999999730e-02 8.827300000000000424e-02 2.026699999999999890e-01 2.068800000000000083e-01 1.807499999999999940e-01 7.581400000000000639e-02 1.948099999999999919e-03 2.837800000000000131e-03 1.775799999999999905e-03 1.722999999999999868e-04 3.024100000000000052e-03 2.531799999999999849e-04 1.195600000000000005e-04 5.236999999999999988e-02 1.241300000000000086e-03 4.465900000000000078e-03 9.494300000000000222e-05 2.567000000000000054e-04 9.814299999999999760e-03 5.900199999999999889e-01 8.335700000000000054e-02 8.681999999999999440e-02 1.176199999999999989e-02 3.146100000000000285e-02 1.236699999999999952e-02 2.577499999999999930e-03 5.977900000000000401e-03 3.467200000000000143e-03 8.966900000000000088e-04 4.119099999999999845e-02 1.448800000000000088e-03 1.800099999999999964e-02 1.758200000000000073e-04 6.329600000000000113e-04 2.109900000000000111e-04 1.768800000000000060e-03 2.062699999999999950e-02 1.403100000000000007e-03 1.064500000000000030e-01 1.764000000000000012e-01 5.894200000000000134e-02 7.346900000000000652e-02 3.657099999999999934e-03 6.090400000000000154e-03 7.384499999999999517e-05 5.964200000000000057e-02 1.325699999999999969e-02 6.980100000000000367e-03 8.573000000000000759e-03 6.800800000000000074e-03 2.109900000000000111e-04 3.305399999999999896e-04 0.000000000000000000e+00 1.910499999999999976e-01 2.134099999999999886e-02 1.592300000000000104e-01 5.483199999999999880e-02 5.304899999999999893e-02 7.222700000000000300e-03 2.988999999999999903e-03 2.250499999999999951e-04 3.235099999999999977e-04 3.868100000000000184e-04 4.571300000000000092e-05 4.388500000000000040e-03 8.439400000000000547e-05 5.977899999999999805e-05 6.311999999999999902e-03 1.898900000000000024e-03 3.327900000000000302e-02 9.142700000000000403e-05 3.516399999999999740e-05 1.324600000000000083e-02 2.665400000000000061e-02 5.643900000000000305e-03 9.494300000000000222e-04 1.441699999999999969e-03 1.983299999999999907e-03 8.980899999999999994e-03 8.087799999999999373e-05 2.215300000000000017e-04 4.817499999999999734e-04 9.142700000000000403e-05 1.722999999999999922e-03 9.142700000000000403e-05 8.263600000000000502e-04 3.516399999999999740e-05 2.672500000000000179e-04 1.758199999999999870e-05 4.606500000000000026e-04 1.371400000000000050e-03 1.758199999999999870e-05 0.000000000000000000e+00 0.000000000000000000e+00 0.000000000000000000e+00 0.000000000000000000e+00 0.000000000000000000e+00 0.000000000000000000e+00 0.000000000000000000e+00 0.000000000000000000e+00 0.000000000000000000e+00 0.000000000000000000e+00 0.000000000000000000e+00 0.000000000000000000e+00 0.000000000000000000e+00 0.000000000000000000e+00 0.000000000000000000e+00 0.000000000000000000e+00 0.000000000000000000e+00 0.000000000000000000e+00 0.000000000000000000e+00 0.000000000000000000e+00 0.000000000000000000e+00 0.000000000000000000e+00 0.000000000000000000e+00 2.813099999999999883e-05 1.054900000000000014e-05 3.164799999999999921e-05 8.791100000000000585e-05 6.681199999999999661e-05 4.923000000000000130e-05 3.164799999999999921e-05 1.054900000000000014e-05 3.516399999999999909e-06 3.516399999999999909e-06
6.871399999999999730e-02 0.000000000000000000e+00 7.345799999999999552e-02 7.205099999999999873e-03 5.963900000000000277e-03 5.904099999999999800e-03 3.066300000000000102e-03 8.791100000000000585e-05 2.883499999999999887e-04 7.208699999999999743e-04 8.791100000000000585e-05 3.407400000000000099e-03 8.087799999999999373e-05 3.516399999999999740e-05 2.297599999999999990e-02 1.494499999999999952e-03 5.353399999999999825e-02 1.301100000000000130e-04 3.516399999999999740e-05 5.383599999999999670e-03 1.199800000000000033e-01 3.573699999999999793e-02 7.525099999999999628e-04 1.258900000000000080e-03 1.582400000000000028e-04 1.182499999999999940e-01 0.000000000000000000e+00 4.564300000000000301e-03 3.094500000000000137e-04 2.109899999999999908e-05 2.004399999999999986e-04 2.813099999999999883e-05 8.791100000000000585e-05 4.571300000000000092e-05 1.476899999999999903e-04 1.758199999999999870e-05 1.547200000000000094e-04 1.547200000000000094e-04 0.000000000000000000e+00 1.113800000000000068e-01 3.387699999999999739e-02 2.856699999999999864e-02 3.690500000000000030e-02 3.667600000000000027e-03 4.261899999999999890e-03 5.274599999999999948e-05 4.219699999999999840e-02 5.140999999999999737e-03 1.870700000000000097e-03 4.237300000000000268e-03 3.414400000000000161e-03 1.687899999999999882e-04 1.722999999999999868e-04 0.000000000000000000e+00 1.141599999999999976e-01 7.625700000000000534e-02 7.055699999999999472e-02 1.064400000000000068e-02 6.762100000000000055e-03 1.768800000000000060e-03 8.826199999999999758e-04 8.791100000000000585e-05 6.681199999999999661e-05 1.547200000000000094e-04 2.109899999999999908e-05 8.650399999999999713e-04 2.461500000000000065e-05 3.164799999999999921e-05 2.489599999999999799e-03 7.138300000000000417e-04 5.230300000000000227e-02 7.032799999999999479e-05 1.336200000000000116e-04 4.114200000000000149e-03 5.846799999999999914e-02 6.220500000000000335e-03 1.466300000000000025e-03 8.632799999999999502e-03 1.093599999999999911e-03 1.503600000000000075e-02 0.000000000000000000e+00 2.180200000000000031e-04 1.775799999999999905e-03 8.791100000000000585e-05 6.575700000000000078e-04 4.571300000000000092e-05 2.109900000000000111e-04 0.000000000000000000e+00 1.863699999999999927e-04 0.000000000000000000e+00 2.531799999999999849e-04 6.927399999999999574e-04 0.000000000000000000e+00 0.000000000000000000e+00 0.000000000000000000e+00 0.000000000000000000e+00 0.000000000000000000e+00 0.000000000000000000e+00 0.000000000000000000e+00 0.000000000000000000e+00 0.000000000000000000e+00 0.000000000000000000e+00 0.000000000000000000e+00 0.000000000000000000e+00 0.000000000000000000e+00 0.000000000000000000e+00 0.000000000000000000e+00 0.000000000000000000e+00 0.000000000000000000e+00 0.000000000000000000e+00 0.000000000000000000e+00 0.000000000000000000e+00 0.000000000000000000e+00 0.000000000000000000e+00 0.000000000000000000e+00 0.000000000000000000e+00 2.109899999999999908e-05 3.516399999999999909e-06 1.406600000000000051e-05 6.681199999999999661e-05 7.384499999999999517e-05 3.164799999999999921e-05 1.406600000000000051e-05 3.516399999999999909e-06 7.032799999999999818e-06 3.516399999999999909e-06
8.827300000000000424e-02 7.345799999999999552e-02 0.000000000000000000e+00 1.067000000000000032e-01 5.727200000000000346e-02 1.067499999999999977e-01 3.737599999999999950e-02 1.132299999999999930e-03 2.102800000000000155e-03 2.690099999999999957e-03 2.953799999999999807e-04 1.178899999999999948e-01 1.772300000000000091e-03 4.290000000000000193e-04 8.437000000000000055e-02 3.941599999999999965e-02 7.722400000000000098e-02 8.573000000000000759e-03 3.868099999999999777e-05 3.087099999999999914e-02 2.130999999999999908e-02 3.316299999999999804e-02 2.352499999999999990e-03 1.237800000000000055e-03 6.048200000000000538e-04 1.281200000000000117e-01 2.953799999999999807e-04 6.188899999999999783e-03 7.982300000000000333e-04 1.582400000000000028e-04 2.225899999999999841e-03 1.617599999999999962e-04 6.892200000000000453e-04 2.581099999999999801e-03 4.740099999999999696e-03 1.075999999999999917e-03 1.075999999999999917e-03 1.026800000000000022e-03 5.274599999999999948e-05 1.521699999999999997e-01 5.672300000000000259e-02 5.602700000000000041e-02 3.092999999999999916e-02 6.821900000000000533e-04 3.435500000000000186e-03 6.681199999999999661e-05 5.843899999999999789e-02 2.017000000000000043e-02 9.656100000000000794e-03 1.039499999999999973e-02 8.407799999999999996e-03 2.848300000000000224e-04 4.536200000000000106e-04 2.109899999999999908e-05 1.148099999999999954e-01 1.168499999999999921e-02 2.092299999999999993e-01 7.521999999999999520e-02 7.190699999999999870e-02 1.669599999999999904e-02 8.703100000000000072e-03 9.740499999999999593e-04 1.170999999999999949e-03 7.701000000000000163e-04 7.384499999999999517e-05 2.769900000000000140e-02 5.380100000000000073e-04 2.602200000000000259e-04 9.550599999999999368e-03 2.530400000000000010e-02 7.299700000000000633e-02 6.153699999999999578e-04 3.516399999999999740e-05 1.874299999999999924e-02 1.452600000000000072e-02 5.875899999999999873e-03 1.114699999999999936e-03 9.810800000000000597e-04 2.218900000000000212e-03 1.251099999999999955e-02 1.195600000000000005e-04 3.305399999999999896e-04 5.802099999999999489e-04 1.441699999999999969e-04 4.244300000000000329e-03 1.969200000000000052e-04 1.789900000000000085e-03 2.004399999999999986e-04 3.832899999999999979e-04 1.336200000000000116e-04 4.817499999999999734e-04 1.635100000000000008e-03 2.813099999999999883e-05 0.000000000000000000e+00 0.000000000000000000e+00 0.000000000000000000e+00 0.000000000000000000e+00 0.000000000000000000e+00 0.000000000000000000e+00 0.000000000000000000e+00 0.000000000000000000e+00 0.000000000000000000e+00 0.000000000000000000e+00 0.000000000000000000e+00 0.000000000000000000e+00 0.000000000000000000e+00 0.000000000000000000e+00 0.000000000000000000e+00 0.000000000000000000e+00 3.516399999999999909e-06 0.000000000000000000e+00 0.000000000000000000e+00 0.000000000000000000e+00 0.000000000000000000e+00 0.000000000000000000e+00 0.000000000000000000e+00 2.461500000000000065e-05 2.813099999999999883e-05 4.923000000000000130e-05 1.125299999999999949e-04 9.494300000000000222e-05 4.571300000000000092e-05 2.813099999999999883e-05 1.054900000000000014e-05 1.054900000000000014e-05 3.516399999999999909e-06
2.026699999999999890e-01 7.205099999999999873e-03 1.067000000000000032e-01 0.000000000000000000e+00 6.073899999999999855e-01 1.016999999999999987e-01 1.154899999999999954e-01 4.033300000000000080e-02 2.028599999999999848e-02 1.661500000000000130e-02 7.173499999999999538e-04 1.995099999999999929e-01 8.056100000000000066e-03 1.740599999999999916e-03 1.229200000000000015e-01 1.197999999999999933e-02 7.173500000000000189e-03 1.916399999999999961e-03 1.934000000000000118e-04 1.708600000000000049e-02 1.347100000000000034e-02 2.407000000000000112e-02 4.933500000000000385e-03 2.004399999999999932e-03 2.405200000000000133e-03 2.897200000000000122e-02 6.645999999999999998e-04 4.729599999999999603e-03 3.024100000000000052e-03 1.255400000000000049e-03 7.852200000000000152e-03 8.298799999999999623e-04 2.946799999999999854e-03 7.947100000000000128e-04 8.509700000000000467e-04 7.243799999999999458e-04 8.966900000000000088e-04 3.741500000000000034e-03 4.184500000000000068e-04 1.469499999999999973e-01 1.161200000000000010e-01 7.155200000000000449e-02 3.069500000000000006e-02 4.395499999999999776e-04 2.500200000000000165e-03 2.707599999999999894e-04 5.550999999999999684e-02 1.171699999999999998e-02 8.657400000000000859e-03 5.077700000000000095e-03 3.080400000000000065e-03 1.230699999999999991e-04 1.617599999999999962e-04 1.195600000000000005e-04 2.312799999999999925e-02 1.297600000000000099e-03 5.469099999999999656e-02 6.490600000000000536e-02 5.802100000000000313e-02 1.484599999999999982e-02 1.554999999999999959e-02 8.770000000000000018e-03 9.037200000000000441e-03 2.908099999999999834e-03 5.626300000000000528e-04 8.009700000000000153e-02 6.958999999999999908e-03 3.516399999999999821e-03 6.333100000000000361e-03 2.390799999999999870e-02 2.574399999999999952e-02 7.103199999999999618e-04 0.000000000000000000e+00 9.033700000000000410e-03 2.936199999999999921e-03 1.976200000000000005e-03 6.188899999999999783e-04 5.169099999999999823e-04 9.916300000000000722e-04 6.048200000000000104e-03 3.516399999999999740e-05 1.898900000000000132e-04 3.832899999999999979e-04 1.371400000000000050e-04 2.021900000000000086e-03 9.846000000000000260e-05 8.298799999999999623e-04 9.142700000000000403e-05 1.687899999999999882e-04 1.195600000000000005e-04 1.722999999999999868e-04 5.098799999999999904e-04 0.000000000000000000e+00 0.000000000000000000e+00 0.000000000000000000e+00 0.000000000000000000e+00 0.000000000000000000e+00 0.000000000000000000e+00 0.000000000000000000e+00 0.000000000000000000e+00 0.000000000000000000e+00 0.000000000000000000e+00 0.000000000000000000e+00 0.000000000000000000e+00 0.000000000000000000e+00 0.000000000000000000e+00 0.000000000000000000e+00 0.000000000000000000e+00 0.000000000000000000e+00 0.000000000000000000e+00 0.000000000000000000e+00 0.000000000000000000e+00 0.000000000000000000e+00 0.000000000000000000e+00 0.000000000000000000e+00 0.000000000000000000e+00 3.868099999999999777e-05 4.571300000000000092e-05 2.461500000000000065e-05 1.476899999999999903e-04 9.846000000000000260e-05 9.142700000000000403e-05 4.923000000000000130e-05 1.054900000000000014e-05 0.000000000000000000e+00 1.406600000000000051e-05
2.068800000000000083e-01 5.963900000000000277e-03 5.727200000000000346e-02 6.073899999999999855e-01 0.000000000000000000e+00 2.061999999999999944e-01 5.073800000000000532e-01 4.576299999999999812e-02 3.844899999999999707e-02 9.072399999999999562e-03 2.672500000000000179e-04 5.183200000000000307e-02 3.745000000000000065e-03 7.595500000000000038e-04 4.962699999999999750e-02 3.639499999999999940e-03 2.479100000000000140e-03 4.149399999999999812e-04 3.727399999999999854e-04 4.648700000000000401e-03 3.400399999999999950e-02 5.527800000000000075e-02 5.015800000000000120e-02 3.966500000000000407e-03 3.217199999999999921e-02 2.024099999999999858e-02 3.185900000000000190e-03 1.803899999999999991e-03 6.206500000000000211e-03 1.413600000000000100e-03 4.084000000000000130e-02 1.842600000000000010e-03 1.975500000000000173e-02 2.531799999999999849e-04 6.927399999999999574e-04 3.938400000000000104e-04 3.572699999999999834e-03 2.862699999999999967e-02 1.962199999999999882e-03 7.254399999999999737e-02 2.110100000000000031e-01 3.050800000000000040e-02 9.687700000000000478e-03 3.094500000000000137e-04 1.030300000000000053e-03 8.791100000000000585e-05 2.261099999999999915e-02 1.294000000000000011e-02 1.144599999999999958e-02 5.506699999999999789e-03 2.992499999999999934e-03 1.054899999999999946e-04 1.617599999999999962e-04 7.736099999999999336e-05 1.662599999999999842e-02 1.406600000000000038e-03 5.773600000000000260e-02 9.220399999999999430e-02 8.662400000000000655e-02 2.217799999999999980e-02 2.386599999999999833e-02 1.036600000000000021e-02 1.111200000000000035e-02 3.597299999999999890e-03 3.762600000000000059e-04 9.701500000000000401e-02 5.953299999999999911e-03 3.020600000000000021e-03 7.598999999999999852e-03 1.694199999999999873e-02 2.553599999999999967e-02 6.786700000000000328e-04 0.000000000000000000e+00 9.575200000000000725e-03 2.408700000000000164e-03 1.990299999999999968e-03 6.857000000000000248e-04 7.384499999999999788e-04 1.135799999999999961e-03 6.667099999999999589e-03 6.681199999999999661e-05 2.039499999999999972e-04 4.254899999999999937e-04 9.494300000000000222e-05 2.092300000000000063e-03 1.265899999999999925e-04 8.826199999999999758e-04 1.125299999999999949e-04 2.109900000000000111e-04 1.125299999999999949e-04 1.687899999999999882e-04 6.294399999999999908e-04 2.461500000000000065e-05 0.000000000000000000e+00 0.000000000000000000e+00 0.000000000000000000e+00 0.000000000000000000e+00 0.000000000000000000e+00 0.000000000000000000e+00 0.000000000000000000e+00 0.000000000000000000e+00 0.000000000000000000e+00 0.000000000000000000e+00 0.000000000000000000e+00 0.000000000000000000e+00 0.000000000000000000e+00 0.000000000000000000e+00 0.000000000000000000e+00 0.000000000000000000e+00 0.000000000000000000e+00 0.000000000000000000e+00 0.000000000000000000e+00 0.000000000000000000e+00 0.000000000000000000e+00 0.000000000000000000e+00 0.000000000000000000e+00 1.406600000000000051e-05 1.758199999999999870e-05 1.406600000000000051e-05 7.736099999999999336e-05 3.164799999999999921e-05 1.758199999999999870e-05 1.758199999999999870e-05 0.000000000000000000e+00 7.032799999999999818e-06 3.516399999999999909e-06
1.807499999999999940e-01 5.904099999999999800e-03 1.067499999999999977e-01 1.016999999999999987e-01 2.061999999999999944e-01 0.000000000000000000e+00 1.733599999999999863e-01 1.473399999999999927e-03 7.732600000000000064e-03 1.618999999999999953e-02 7.032799999999999479e-05 1.505399999999999967e-02 3.727399999999999854e-04 1.371400000000000050e-04 6.568300000000000527e-02 1.476899999999999958e-03 2.046599999999999982e-03 2.602200000000000259e-04 1.093599999999999911e-03 3.176400000000000057e-02 4.209899999999999753e-02 1.078499999999999945e-02 4.185599999999999737e-02 2.948500000000000079e-02 8.717199999999999602e-03 7.954100000000000406e-03 2.429800000000000189e-03 5.555900000000000118e-04 1.974499999999999866e-02 1.476899999999999958e-03 6.307799999999999518e-02 2.401700000000000102e-03 2.217099999999999974e-02 1.652699999999999948e-04 2.250499999999999951e-04 1.863699999999999927e-04 5.837299999999999694e-04 7.103199999999999618e-03 6.505400000000000158e-04 1.296500000000000083e-02 8.309300000000000019e-02 1.441399999999999973e-02 5.503199999999999759e-03 2.918600000000000144e-04 4.922999999999999859e-04 4.923000000000000130e-05 5.897000000000000332e-03 3.340599999999999993e-03 3.312499999999999906e-03 1.782799999999999966e-03 9.916300000000000722e-04 5.274599999999999948e-05 7.032799999999999479e-05 0.000000000000000000e+00 1.629200000000000093e-02 1.529600000000000100e-03 3.529800000000000298e-02 2.414699999999999833e-02 2.507600000000000107e-02 6.463199999999999674e-03 4.564300000000000301e-03 4.500999999999999901e-04 6.575700000000000078e-04 2.989000000000000012e-04 1.758199999999999870e-05 1.415699999999999945e-02 1.898900000000000132e-04 7.032799999999999479e-05 2.014900000000000024e-03 2.542400000000000215e-03 9.149700000000000194e-03 1.160399999999999935e-04 0.000000000000000000e+00 2.802600000000000143e-03 2.327899999999999935e-03 1.515599999999999977e-03 2.426299999999999995e-04 5.063599999999999698e-04 3.727399999999999854e-04 2.823700000000000168e-03 1.758199999999999870e-05 7.032799999999999479e-05 1.898900000000000132e-04 4.923000000000000130e-05 6.118599999999999864e-04 2.813099999999999883e-05 3.024100000000000269e-04 0.000000000000000000e+00 7.736099999999999336e-05 0.000000000000000000e+00 8.791100000000000585e-05 2.953799999999999807e-04 0.000000000000000000e+00 0.000000000000000000e+00 0.000000000000000000e+00 0.000000000000000000e+00 0.000000000000000000e+00 0.000000000000000000e+00 0.000000000000000000e+00 0.000000000000000000e+00 0.000000000000000000e+00 0.000000000000000000e+00 0.000000000000000000e+00 0.000000000000000000e+00 0.000000000000000000e+00 0.000000000000000000e+00 0.000000000000000000e+00 0.000000000000000000e+00 0.000000000000000000e+00 0.000000000000000000e+00 0.000000000000000000e+00 0.000000000000000000e+00 0.000000000000000000e+00 0.000000000000000000e+00 0.000000000000000000e+00 0.000000000000000000e+00 7.032799999999999818e-06 3.516399999999999909e-06 3.516399999999999909e-06 7.032799999999999818e-06 0.000000000000000000e+00 1.054900000000000014e-05 0.000000000000000000e+00 0.000000000000000000e+00 0.000000000000000000e+00 0.000000000000000000e+00
7.581400000000000639e-02 3.066300000000000102e-03 3.737599999999999950e-02 1.154899999999999954e-01 5.073800000000000532e-01 1.733599999999999863e-01 0.000000000000000000e+00 9.153200000000000225e-03 1.073699999999999932e-01 1.406199999999999950e-01 1.508500000000000075e-03 4.196799999999999836e-02 2.007899999999999963e-03 1.568299999999999902e-03 1.466899999999999871e-01 2.704100000000000080e-03 2.152100000000000107e-03 5.485600000000000198e-04 1.754700000000000096e-03 1.373899999999999948e-02 1.654800000000000021e-02 1.107299999999999951e-02 3.276300000000000046e-02 2.281800000000000148e-02 1.089399999999999917e-02 7.718499999999999667e-03 3.154199999999999799e-03 9.353700000000000382e-04 3.313900000000000179e-02 3.312499999999999906e-03 8.365599999999999425e-02 3.351100000000000086e-03 2.877499999999999850e-02 4.149399999999999812e-04 3.797699999999999774e-04 6.083399999999999658e-04 9.388800000000000097e-04 1.037300000000000028e-02 1.139299999999999992e-03 3.765399999999999997e-02 1.095300000000000024e-01 2.545199999999999893e-02 3.896199999999999837e-03 3.797699999999999774e-04 5.555900000000000118e-04 1.016200000000000089e-03 9.476800000000000501e-03 4.142299999999999802e-03 3.959500000000000346e-03 1.786299999999999997e-03 8.369099999999999543e-04 4.571300000000000092e-05 9.494300000000000222e-05 3.164799999999999921e-05 3.382800000000000043e-03 7.489999999999999913e-04 1.509199999999999951e-02 3.382399999999999990e-02 3.166200000000000264e-02 7.736100000000000095e-03 9.603300000000000378e-03 3.217499999999999874e-03 3.847000000000000159e-03 1.107700000000000091e-03 2.215300000000000017e-04 3.817399999999999960e-02 1.712500000000000046e-03 8.650399999999999713e-04 2.436900000000000090e-03 6.195899999999999845e-03 8.070199999999999596e-03 2.320799999999999870e-04 0.000000000000000000e+00 1.842600000000000010e-03 1.403100000000000007e-03 9.459200000000000507e-04 2.531799999999999849e-04 4.254899999999999937e-04 2.707599999999999894e-04 2.465000000000000177e-03 0.000000000000000000e+00 7.736099999999999336e-05 2.074699999999999906e-04 4.219700000000000274e-05 3.727399999999999854e-04 2.109899999999999908e-05 1.265899999999999925e-04 2.461500000000000065e-05 7.032799999999999479e-05 6.329599999999999842e-05 5.274599999999999948e-05 1.582400000000000028e-04 0.000000000000000000e+00 0.000000000000000000e+00 0.000000000000000000e+00 0.000000000000000000e+00 0.000000000000000000e+00 0.000000000000000000e+00 0.000000000000000000e+00 0.000000000000000000e+00 0.000000000000000000e+00 0.000000000000000000e+00 0.000000000000000000e+00 0.000000000000000000e+00 0.000000000000000000e+00 0.000000000000000000e+00 0.000000000000000000e+00 0.000000000000000000e+00 0.000000000000000000e+00 0.000000000000000000e+00 0.000000000000000000e+00 0.000000000000000000e+00 0.000000000000000000e+00 0.000000000000000000e+00 0.000000000000000000e+00 0.000000000000000000e+00 2.461500000000000065e-05 0.000000000000000000e+00 1.054900000000000014e-05 1.758199999999999870e-05 1.758199999999999870e-05 3.516399999999999740e-05 3.516399999999999909e-06 7.032799999999999818e-06 7.032799999999999818e-06 7.032799999999999818e-06
1.948099999999999919e-03 8.791100000000000585e-05 1.132299999999999930e-03 4.033300000000000080e-02 4.576299999999999812e-02 1.473399999999999927e-03 9.153200000000000225e-03 0.000000000000000000e+00 4.050600000000000034e-02 3.632799999999999918e-02 7.816999999999999296e-03 8.186199999999999380e-03 5.981400000000000432e-03 8.013899999999999149e-03 2.661200000000000024e-02 1.490999999999999921e-03 1.687899999999999882e-04 1.406599999999999984e-04 2.461500000000000065e-05 1.687899999999999882e-04 4.922999999999999859e-04 1.051400000000000078e-03 8.333900000000000422e-04 2.883499999999999887e-04 7.736099999999999878e-04 9.283400000000000462e-04 1.258900000000000080e-03 5.766900000000000368e-04 7.489999999999999913e-04 5.074200000000000065e-03 2.331399999999999965e-03 2.415800000000000065e-03 1.283499999999999919e-03 1.118199999999999967e-03 1.722999999999999868e-04 2.363000000000000083e-03 5.520800000000000403e-04 2.707600000000000111e-03 9.283400000000000462e-04 9.009100000000000788e-03 3.589200000000000029e-02 1.699099999999999916e-02 4.184500000000000068e-04 2.567000000000000054e-04 2.602200000000000259e-04 4.205600000000000310e-03 1.920000000000000049e-03 5.942799999999999819e-04 1.933999999999999955e-03 5.345000000000000358e-04 6.329599999999999842e-05 3.516399999999999740e-05 1.758199999999999870e-05 2.426299999999999995e-04 1.054899999999999946e-04 2.461500000000000065e-05 5.415300000000000278e-04 7.707999999999999574e-03 3.952500000000000284e-03 3.551599999999999809e-04 1.118199999999999967e-03 6.674199999999999924e-03 3.527000000000000187e-03 1.255400000000000049e-03 1.575400000000000021e-03 1.547199999999999964e-02 7.743200000000000430e-03 4.100099999999999752e-03 5.415300000000000278e-04 5.717700000000000039e-03 1.047900000000000047e-03 1.687899999999999882e-04 0.000000000000000000e+00 4.923000000000000130e-05 4.923000000000000130e-05 2.848300000000000224e-04 8.791100000000000585e-05 4.571300000000000092e-05 8.791100000000000585e-05 8.404200000000000342e-04 0.000000000000000000e+00 5.274599999999999948e-05 1.054899999999999946e-04 7.032799999999999479e-05 8.087799999999999373e-05 2.461500000000000065e-05 1.758199999999999870e-05 7.032799999999999479e-05 1.125299999999999949e-04 3.516399999999999740e-05 1.019799999999999960e-04 9.142700000000000403e-05 0.000000000000000000e+00 0.000000000000000000e+00 0.000000000000000000e+00 0.000000000000000000e+00 0.000000000000000000e+00 0.000000000000000000e+00 0.000000000000000000e+00 0.000000000000000000e+00 0.000000000000000000e+00 0.000000000000000000e+00 0.000000000000000000e+00 0.000000000000000000e+00 0.000000000000000000e+00 0.000000000000000000e+00 0.000000000000000000e+00 0.000000000000000000e+00 0.000000000000000000e+00 0.000000000000000000e+00 0.000000000000000000e+00 0.000000000000000000e+00 0.000000000000000000e+00 0.000000000000000000e+00 0.000000000000000000e+00 0.000000000000000000e+00 0.000000000000000000e+00 0.000000000000000000e+00 3.516399999999999909e-06 3.516399999999999909e-06 3.516399999999999909e-06 3.516399999999999909e-06 7.032799999999999818e-06 0.000000000000000000e+00 0.000000000000000000e+00 0.000000000000000000e+00
2.837800000000000131e-03 2.883499999999999887e-04 2.102800000000000155e-03 2.028599999999999848e-02 3.844899999999999707e-02 7.732600000000000064e-03 1.073699999999999932e-01 4.050600000000000034e-02 0.000000000000000000e+00 9.355800000000000227e-02 8.615199999999999508e-04 4.638200000000000309e-03 1.733600000000000071e-03 3.055800000000000009e-03 4.555499999999999827e-02 6.364699999999999828e-04 2.039499999999999972e-04 8.087799999999999373e-05 1.476899999999999903e-04 9.072400000000000212e-04 1.223700000000000091e-03 9.248200000000000257e-04 2.053600000000000043e-03 2.120400000000000149e-03 8.333900000000000422e-04 7.806500000000000288e-04 1.568299999999999902e-03 7.630599999999999753e-04 3.759100000000000028e-03 5.133999999999999675e-03 8.892999999999999863e-03 2.739300000000000068e-03 3.291399999999999881e-03 1.093599999999999911e-03 1.793400000000000007e-04 2.419300000000000096e-03 5.626300000000000528e-04 2.918599999999999927e-03 1.009200000000000028e-03 1.605600000000000083e-02 5.844300000000000189e-02 2.671400000000000163e-02 7.419599999999999503e-04 3.024100000000000269e-04 2.567000000000000054e-04 1.199100000000000036e-03 3.242099999999999930e-03 7.068000000000000498e-04 1.677300000000000058e-03 3.410900000000000021e-04 1.090100000000000015e-04 4.219700000000000274e-05 2.813099999999999883e-05 5.977899999999999805e-05 6.329600000000000113e-04 8.087799999999999373e-05 8.122900000000000172e-04 7.732600000000000064e-03 4.782299999999999746e-03 6.540499999999999873e-04 1.438199999999999939e-03 4.061500000000000006e-03 3.090900000000000158e-03 1.019799999999999960e-03 3.270300000000000182e-04 1.297899999999999922e-02 4.219699999999999840e-03 2.102800000000000155e-03 4.817499999999999734e-04 4.019299999999999956e-03 9.318500000000000177e-04 1.336200000000000116e-04 0.000000000000000000e+00 1.054899999999999946e-04 1.125299999999999949e-04 3.129599999999999852e-04 8.791100000000000585e-05 7.032799999999999479e-05 9.494300000000000222e-05 7.173499999999999538e-04 0.000000000000000000e+00 2.109899999999999908e-05 5.274599999999999948e-05 4.219700000000000274e-05 4.923000000000000130e-05 2.109899999999999908e-05 0.000000000000000000e+00 7.736099999999999336e-05 1.019799999999999960e-04 2.813099999999999883e-05 8.791100000000000585e-05 8.791100000000000585e-05 2.109899999999999908e-05 0.000000000000000000e+00 0.000000000000000000e+00 0.000000000000000000e+00 0.000000000000000000e+00 0.000000000000000000e+00 0.000000000000000000e+00 0.000000000000000000e+00 0.000000000000000000e+00 0.000000000000000000e+00 0.000000000000000000e+00 0.000000000000000000e+00 0.000000000000000000e+00 0.000000000000000000e+00 0.000000000000000000e+00 0.000000000000000000e+00 0.000000000000000000e+00 0.000000000000000000e+00 0.000000000000000000e+00 0.000000000000000000e+00 0.000000000000000000e+00 0.000000000000000000e+00 0.000000000000000000e+00 0.000000000000000000e+00 0.000000000000000000e+00 7.032799999999999818e-06 0.000000000000000000e+00 1.758199999999999870e-05 7.032799999999999818e-06 7.032799999999999818e-06 7.032799999999999818e-06 0.000000000000000000e+00 3.516399999999999909e-06 0.000000000000000000e+00
1.775799999999999905e-03 7.208699999999999743e-04 2.690099999999999957e-03 1.661500000000000130e-02 9.072399999999999562e-03 1.618999999999999953e-02 1.406199999999999950e-01 3.632799999999999918e-02 9.355800000000000227e-02 0.000000000000000000e+00 6.139699999999999672e-03 6.596799999999999886e-03 1.053499999999999923e-02 1.752899999999999944e-02 1.458399999999999974e-01 9.494300000000000222e-04 2.813100000000000019e-04 1.441699999999999969e-04 4.290000000000000193e-04 3.868100000000000184e-03 5.021499999999999922e-03 1.343299999999999963e-03 2.774500000000000056e-03 3.407400000000000099e-03 6.013099999999999739e-04 1.009200000000000028e-03 1.438199999999999939e-03 1.033800000000000083e-03 7.275499999999999849e-03 6.227599999999999802e-03 8.126500000000000043e-03 2.967899999999999879e-03 2.827200000000000199e-03 1.301099999999999913e-03 2.109900000000000111e-04 2.545899999999999812e-03 5.555900000000000118e-04 2.862400000000000187e-03 8.896499999999999677e-04 2.878899999999999862e-02 9.769700000000000606e-02 4.764399999999999885e-02 1.867200000000000066e-03 3.199899999999999771e-04 2.742800000000000099e-04 1.853199999999999943e-03 6.417499999999999594e-03 4.078999999999999944e-04 1.575400000000000021e-03 3.059299999999999932e-04 1.054899999999999946e-04 2.109899999999999908e-05 0.000000000000000000e+00 1.336200000000000116e-04 2.742800000000000099e-04 1.758200000000000073e-04 9.072400000000000212e-04 5.453999999999999647e-03 3.143700000000000140e-03 4.008700000000000024e-04 7.736099999999999878e-04 3.625399999999999977e-03 1.958600000000000011e-03 5.309800000000000153e-04 1.135799999999999961e-03 6.255700000000000323e-03 3.010099999999999928e-03 2.377100000000000046e-03 3.692200000000000191e-04 1.891799999999999905e-03 6.716400000000000408e-04 7.032799999999999479e-05 0.000000000000000000e+00 6.681199999999999661e-05 2.602200000000000259e-04 3.481299999999999889e-04 9.494300000000000222e-05 9.494300000000000222e-05 5.626299999999999986e-05 6.892200000000000453e-04 0.000000000000000000e+00 3.868099999999999777e-05 5.626299999999999986e-05 2.109899999999999908e-05 2.813099999999999883e-05 2.109899999999999908e-05 0.000000000000000000e+00 5.274599999999999948e-05 8.439400000000000547e-05 4.219700000000000274e-05 6.681199999999999661e-05 7.736099999999999336e-05 0.000000000000000000e+00 0.000000000000000000e+00 0.000000000000000000e+00 0.000000000000000000e+00 0.000000000000000000e+00 0.000000000000000000e+00 0.000000000000000000e+00 0.000000000000000000e+00 0.000000000000000000e+00 0.000000000000000000e+00 0.000000000000000000e+00 0.000000000000000000e+00 0.000000000000000000e+00 0.000000000000000000e+00 0.000000000000000000e+00 0.000000000000000000e+00 0.000000000000000000e+00 0.000000000000000000e+00 0.000000000000000000e+00 0.000000000000000000e+00 0.000000000000000000e+00 3.516399999999999909e-06 0.000000000000000000e+00 0.000000000000000000e+00 3.516399999999999909e-06 3.516399999999999909e-06 0.000000000000000000e+00 2.109899999999999908e-05 2.461500000000000065e-05 7.032799999999999818e-06 0.000000000000000000e+00 0.000000000000000000e+00 0.000000000000000000e+00 0.000000000000000000e+00
1.722999999999999868e-04 8.791100000000000585e-05 2.953799999999999807e-04 7.173499999999999538e-04 2.672500000000000179e-04 7.032799999999999479e-05 1.508500000000000075e-03 7.816999999999999296e-03 8.615199999999999508e-04 6.139699999999999672e-03 0.000000000000000000e+00 6.150199999999999764e-03 2.079599999999999851e-02 2.814900000000000041e-02 2.085200000000000161e-03 4.128300000000000025e-02 5.432900000000000056e-03 2.785000000000000149e-03 0.000000000000000000e+00 2.461500000000000065e-05 6.399900000000000033e-04 9.986599999999999557e-04 4.219699999999999731e-04 9.494300000000000222e-05 2.777999999999999762e-04 4.655699999999999596e-03 2.032500000000000018e-03 3.868100000000000184e-03 9.142700000000000403e-05 1.540200000000000033e-03 4.114200000000000149e-04 3.896199999999999837e-03 1.170999999999999949e-03 1.374900000000000080e-03 6.188899999999999783e-04 3.055800000000000009e-03 6.892200000000000453e-04 2.387699999999999979e-03 9.564699999999999548e-04 1.099200000000000003e-02 2.299700000000000008e-03 2.651399999999999937e-03 4.747199999999999814e-04 7.489999999999999913e-04 8.931700000000000750e-03 4.536199999999999781e-03 1.427700000000000063e-03 8.052600000000000252e-04 8.122900000000000172e-04 2.647899999999999907e-03 4.219700000000000274e-05 4.395499999999999776e-04 1.065500000000000041e-03 1.160400000000000017e-03 3.868099999999999777e-05 0.000000000000000000e+00 1.441699999999999969e-04 1.540200000000000033e-03 4.887799999999999654e-04 1.301100000000000130e-04 2.109900000000000111e-04 1.993799999999999999e-03 9.177900000000000337e-04 5.942799999999999819e-04 6.125600000000000142e-03 3.963000000000000377e-03 3.959500000000000346e-03 6.695300000000000383e-03 4.008700000000000024e-04 3.322999999999999999e-03 6.997699999999999493e-04 2.109900000000000111e-04 0.000000000000000000e+00 1.758199999999999870e-05 5.274599999999999948e-05 4.465900000000000186e-04 1.687899999999999882e-04 6.329599999999999842e-05 2.461499999999999929e-04 1.195600000000000005e-03 3.903199999999999899e-04 4.465900000000000186e-04 9.142700000000000403e-05 3.551599999999999809e-04 3.762600000000000059e-04 6.399900000000000033e-04 2.813100000000000019e-04 4.747199999999999814e-04 2.531799999999999849e-04 5.626300000000000528e-04 3.973599999999999767e-04 4.184500000000000068e-04 2.180200000000000031e-04 0.000000000000000000e+00 0.000000000000000000e+00 0.000000000000000000e+00 0.000000000000000000e+00 0.000000000000000000e+00 0.000000000000000000e+00 0.000000000000000000e+00 0.000000000000000000e+00 0.000000000000000000e+00 0.000000000000000000e+00 0.000000000000000000e+00 0.000000000000000000e+00 0.000000000000000000e+00 0.000000000000000000e+00 0.000000000000000000e+00 0.000000000000000000e+00 0.000000000000000000e+00 0.000000000000000000e+00 0.000000000000000000e+00 0.000000000000000000e+00 0.000000000000000000e+00 0.000000000000000000e+00 0.000000000000000000e+00 0.000000000000000000e+00 0.000000000000000000e+00 0.000000000000000000e+00 0.000000000000000000e+00 0.000000000000000000e+00 0.000000000000000000e+00 0.000000000000000000e+00 0.000000000000000000e+00 0.000000000000000000e+00 0.000000000000000000e+00
3.024100000000000052e-03 3.407400000000000099e-03 1.178899999999999948e-01 1.995099999999999929e-01 5.183200000000000307e-02 1.505399999999999967e-02 4.196799999999999836e-02 8.186199999999999380e-03 4.638200000000000309e-03 6.596799999999999886e-03 6.150199999999999764e-03 0.000000000000000000e+00 4.138499999999999818e-02 8.604699999999999849e-03 6.607699999999999685e-02 2.204099999999999948e-01 6.761000000000000343e-02 2.606400000000000036e-02 7.032799999999999479e-05 1.283499999999999919e-03 2.197800000000000187e-03 3.484800000000000137e-03 9.670199999999999673e-04 7.911899999999999922e-04 4.641700000000000231e-04 7.346500000000000252e-02 6.505400000000000158e-04 4.515100000000000190e-03 1.779299999999999935e-03 1.170999999999999949e-03 3.041700000000000046e-03 6.681200000000000203e-04 1.297600000000000099e-03 4.318200000000000337e-03 5.292200000000000376e-03 2.760400000000000093e-03 4.360400000000000061e-04 9.951499999999999842e-04 2.215300000000000017e-04 6.094700000000000117e-02 7.146800000000000375e-02 3.426799999999999985e-02 4.877300000000000212e-03 5.415300000000000278e-04 2.953799999999999807e-04 1.350300000000000025e-03 1.916100000000000095e-02 1.210699999999999971e-02 1.150200000000000007e-02 4.799900000000000173e-03 2.268099999999999890e-03 4.219700000000000274e-05 1.406599999999999984e-04 2.285699999999999885e-04 3.143700000000000140e-03 4.676799999999999946e-04 3.624700000000000144e-02 1.008300000000000030e-01 6.550400000000000666e-02 1.555999999999999918e-02 1.995200000000000098e-02 2.139399999999999982e-02 1.491999999999999924e-02 4.195100000000000218e-03 1.687899999999999991e-03 1.515400000000000080e-01 1.614399999999999863e-02 7.641199999999999902e-03 6.994199999999999896e-03 5.690599999999999825e-02 2.849700000000000150e-02 9.810800000000000597e-04 0.000000000000000000e+00 3.653599999999999903e-03 7.314199999999999868e-04 6.962500000000000373e-04 3.305399999999999896e-04 4.712000000000000151e-04 3.375799999999999764e-04 5.060099999999999668e-03 4.571300000000000092e-05 2.145000000000000097e-04 3.375799999999999764e-04 9.142700000000000403e-05 6.153699999999999578e-04 4.571300000000000092e-05 2.391200000000000010e-04 2.180200000000000031e-04 2.637299999999999974e-04 1.758200000000000073e-04 1.934000000000000118e-04 3.340600000000000101e-04 2.461500000000000065e-05 0.000000000000000000e+00 0.000000000000000000e+00 0.000000000000000000e+00 0.000000000000000000e+00 0.000000000000000000e+00 0.000000000000000000e+00 0.000000000000000000e+00 0.000000000000000000e+00 0.000000000000000000e+00 0.000000000000000000e+00 0.000000000000000000e+00 0.000000000000000000e+00 0.000000000000000000e+00 0.000000000000000000e+00 0.000000000000000000e+00 0.000000000000000000e+00 3.516399999999999909e-06 3.516399999999999909e-06 0.000000000000000000e+00 0.000000000000000000e+00 0.000000000000000000e+00 0.000000000000000000e+00 0.000000000000000000e+00 1.758199999999999870e-05 1.054900000000000014e-05 3.164799999999999921e-05 4.219700000000000274e-05 7.032799999999999479e-05 4.923000000000000130e-05 2.813099999999999883e-05 0.000000000000000000e+00 3.516399999999999909e-06 3.516399999999999909e-06
