0.000000000000000000e+00 1.087299999999999933e-01 1.107699999999999935e-01 1.085699999999999998e-01 2.185699999999999865e-01 6.455400000000000027e-02 6.883699999999999541e-02 1.937499999999999986e-03 2.601800000000000033e-03 4.085000000000000089e-03 2.132100000000000000e-04 2.731599999999999827e-03 8.652099999999999375e-05 0.000000000000000000e+00 6.885900000000000354e-02 1.903500000000000027e-03 7.749800000000000265e-03 7.107099999999999767e-05 3.399000000000000220e-04 2.022399999999999892e-02 7.083599999999999897e-01 4.374000000000000110e-02 3.499200000000000227e-02 8.713900000000000118e-03 7.051499999999999609e-03 1.256700000000000005e-02 6.952599999999999536e-04 2.419500000000000210e-03 6.201700000000000094e-03 4.387899999999999917e-04 2.429699999999999915e-02 4.264299999999999948e-04 8.599600000000000646e-03 1.483199999999999894e-04 4.171600000000000243e-04 1.359599999999999925e-04 9.671799999999999928e-04 7.348099999999999771e-03 1.084600000000000017e-03 1.275900000000000090e-01 2.314700000000000091e-01 6.477299999999999724e-02 4.963200000000000250e-02 6.180100000000000003e-03 1.233899999999999927e-02 0.000000000000000000e+00 3.077399999999999927e-02 9.659499999999999684e-03 3.840899999999999957e-03 9.489499999999999671e-03 5.222199999999999759e-03 2.008500000000000031e-04 1.266899999999999949e-04 0.000000000000000000e+00 1.039100000000000024e-01 6.513800000000000145e-03 1.080200000000000049e-01 4.144699999999999773e-02 4.093100000000000210e-02 1.783000000000000080e-03 4.233400000000000227e-04 3.708099999999999954e-05 2.317499999999999953e-04 1.884900000000000063e-04 4.635099999999999718e-05 1.087700000000000038e-03 4.017099999999999875e-05 2.163000000000000128e-05 8.200999999999999956e-03 4.390999999999999938e-03 1.650099999999999831e-02 4.017099999999999875e-05 3.708099999999999954e-05 9.140300000000000508e-03 1.863899999999999932e-02 5.685700000000000129e-03 3.102399999999999949e-03 1.588299999999999955e-03 2.981900000000000002e-03 3.207499999999999848e-03 1.514099999999999886e-04 2.564700000000000161e-04 4.078899999999999995e-04 7.416099999999999689e-05 1.464699999999999986e-03 1.235999999999999957e-04 8.683000000000000180e-04 2.163000000000000128e-05 8.961100000000000651e-05 2.163000000000000128e-05 2.595599999999999882e-04 8.991999999999999559e-04 2.780999999999999971e-05 0.000000000000000000e+00 0.000000000000000000e+00 0.000000000000000000e+00 0.000000000000000000e+00 0.000000000000000000e+00 0.000000000000000000e+00 0.000000000000000000e+00 0.000000000000000000e+00 0.000000000000000000e+00 0.000000000000000000e+00 0.000000000000000000e+00 0.000000000000000000e+00 0.000000000000000000e+00 0.000000000000000000e+00 0.000000000000000000e+00 0.000000000000000000e+00 0.000000000000000000e+00 0.000000000000000000e+00 0.000000000000000000e+00 0.000000000000000000e+00 0.000000000000000000e+00 0.000000000000000000e+00 0.000000000000000000e+00 9.579100000000000494e-05 2.472000000000000049e-05 1.483199999999999894e-04 3.182700000000000004e-04 2.471999999999999914e-04 4.326099999999999797e-05 6.180100000000000342e-06 6.180100000000000342e-06 3.708099999999999954e-05 2.472000000000000049e-05
1.087299999999999933e-01 0.000000000000000000e+00 1.406799999999999995e-01 1.627199999999999827e-02 1.042000000000000044e-02 6.485999999999999578e-03 1.022499999999999971e-02 2.410199999999999929e-04 7.199799999999999473e-04 4.823599999999999936e-03 2.101200000000000008e-04 4.384800000000000329e-03 4.944100000000000317e-05 2.780999999999999971e-05 5.961299999999999932e-02 1.433800000000000048e-03 5.433799999999999741e-02 8.961100000000000651e-05 1.143299999999999980e-04 1.190300000000000039e-02 1.703500000000000014e-01 4.575699999999999906e-02 2.413300000000000167e-03 2.308300000000000109e-03 3.986199999999999748e-04 5.959099999999999814e-02 2.163000000000000128e-05 2.323700000000000158e-03 7.694200000000000431e-04 3.398999999999999813e-05 9.331899999999999744e-04 2.163000000000000128e-05 3.769900000000000074e-04 4.326099999999999797e-05 1.019700000000000012e-04 2.472000000000000049e-05 1.606800000000000134e-04 7.045299999999999783e-04 2.472000000000000049e-05 1.541299999999999892e-01 2.942000000000000171e-02 5.333399999999999946e-02 4.455499999999999738e-02 6.727000000000000340e-03 1.204500000000000015e-02 0.000000000000000000e+00 3.240799999999999931e-02 9.081600000000000436e-03 3.120899999999999803e-03 8.812800000000000841e-03 6.832099999999999805e-03 2.502900000000000177e-04 1.019700000000000012e-04 0.000000000000000000e+00 1.099699999999999983e-01 2.996400000000000105e-02 8.223500000000000254e-02 1.034500000000000003e-02 1.163400000000000024e-02 8.373999999999999716e-04 2.348399999999999945e-04 0.000000000000000000e+00 5.871100000000000082e-05 1.483199999999999894e-04 3.089999999999999892e-05 7.138000000000000031e-04 2.780999999999999971e-05 1.544999999999999946e-05 6.538500000000000041e-03 5.592999999999999881e-04 2.055799999999999988e-02 3.708099999999999954e-05 9.270100000000000573e-05 7.116400000000000156e-03 3.983400000000000135e-02 8.435800000000000243e-03 1.186599999999999894e-03 3.133299999999999887e-03 1.192799999999999937e-03 8.784999999999999407e-03 2.163000000000000128e-05 3.769900000000000074e-04 6.334599999999999693e-04 5.871100000000000082e-05 4.727800000000000101e-04 2.163000000000000128e-05 2.132100000000000000e-04 1.544999999999999946e-05 1.575899999999999870e-04 2.472000000000000049e-05 2.595599999999999882e-04 7.107100000000000310e-04 2.472000000000000049e-05 0.000000000000000000e+00 0.000000000000000000e+00 0.000000000000000000e+00 0.000000000000000000e+00 0.000000000000000000e+00 0.000000000000000000e+00 0.000000000000000000e+00 0.000000000000000000e+00 0.000000000000000000e+00 0.000000000000000000e+00 0.000000000000000000e+00 0.000000000000000000e+00 0.000000000000000000e+00 3.090000000000000061e-06 3.090000000000000061e-06 0.000000000000000000e+00 3.090000000000000061e-06 3.090000000000000061e-06 0.000000000000000000e+00 0.000000000000000000e+00 0.000000000000000000e+00 0.000000000000000000e+00 0.000000000000000000e+00 1.946700000000000047e-04 3.398999999999999813e-05 1.575899999999999870e-04 2.657399999999999866e-04 2.626500000000000145e-04 7.725099999999999610e-05 9.270099999999999556e-06 3.090000000000000061e-06 4.017099999999999875e-05 9.270099999999999556e-06
1.107699999999999935e-01 1.406799999999999995e-01 0.000000000000000000e+00 1.577500000000000013e-01 3.766100000000000003e-02 6.497699999999999310e-02 6.062000000000000027e-02 1.412199999999999957e-03 1.195799999999999901e-03 3.825499999999999907e-03 2.441099999999999921e-04 1.214699999999999946e-01 7.539699999999999657e-04 2.224799999999999976e-04 9.902400000000000091e-02 3.187999999999999862e-02 1.346700000000000119e-01 2.774899999999999849e-03 2.286599999999999961e-04 2.737799999999999956e-02 3.799799999999999706e-02 4.646200000000000330e-02 5.781500000000000181e-03 2.085800000000000067e-03 1.483200000000000057e-03 9.506499999999999673e-02 3.708100000000000090e-04 3.769900000000000074e-03 3.408299999999999958e-03 2.502900000000000177e-04 5.565200000000000181e-03 1.174199999999999972e-04 2.456600000000000190e-03 1.517200000000000016e-03 1.201999999999999943e-03 1.155699999999999956e-03 1.223700000000000091e-03 4.712299999999999996e-03 2.255699999999999969e-04 1.850199999999999900e-01 6.141200000000000131e-02 4.457099999999999951e-02 3.068099999999999994e-02 2.462799999999999798e-03 6.461299999999999683e-03 4.635099999999999718e-05 3.180600000000000094e-02 2.890399999999999914e-02 1.461900000000000005e-02 1.988799999999999943e-02 7.851800000000000793e-03 1.946700000000000047e-04 2.410199999999999929e-04 0.000000000000000000e+00 9.813399999999999901e-02 3.998500000000000318e-03 2.217699999999999949e-01 8.629900000000000071e-02 1.058100000000000013e-01 1.478600000000000053e-02 3.701900000000000156e-03 2.255699999999999969e-04 6.396400000000000219e-04 9.857200000000000423e-04 7.416099999999999689e-05 1.252400000000000041e-02 6.674499999999999877e-04 1.205099999999999965e-04 2.263799999999999840e-02 1.035200000000000009e-02 8.366899999999999338e-02 1.297799999999999941e-04 7.725099999999999610e-05 2.156900000000000137e-02 1.491299999999999917e-02 1.026499999999999982e-02 6.742500000000000229e-03 2.830500000000000117e-03 5.472499999999999934e-03 5.929799999999999828e-03 2.471999999999999914e-04 4.140699999999999980e-04 6.705399999999999599e-04 1.544999999999999878e-04 3.315600000000000144e-03 1.421399999999999910e-04 1.356500000000000067e-03 4.635099999999999718e-05 2.348399999999999945e-04 5.562100000000000160e-05 5.191300000000000255e-04 1.866400000000000047e-03 4.944100000000000317e-05 0.000000000000000000e+00 0.000000000000000000e+00 0.000000000000000000e+00 0.000000000000000000e+00 0.000000000000000000e+00 0.000000000000000000e+00 0.000000000000000000e+00 0.000000000000000000e+00 0.000000000000000000e+00 0.000000000000000000e+00 0.000000000000000000e+00 0.000000000000000000e+00 0.000000000000000000e+00 6.180100000000000342e-06 0.000000000000000000e+00 0.000000000000000000e+00 3.090000000000000061e-06 3.090000000000000061e-06 0.000000000000000000e+00 0.000000000000000000e+00 0.000000000000000000e+00 3.090000000000000061e-06 3.090000000000000061e-06 1.699500000000000110e-04 6.180100000000000003e-05 1.915800000000000055e-04 3.244499999999999988e-04 3.429899999999999941e-04 1.019700000000000012e-04 9.270099999999999556e-06 1.236000000000000025e-05 6.180100000000000003e-05 1.544999999999999946e-05
1.085699999999999998e-01 1.627199999999999827e-02 1.577500000000000013e-01 0.000000000000000000e+00 7.231600000000000250e-01 4.446900000000000158e-02 8.346199999999999453e-02 3.595299999999999885e-02 5.963800000000000004e-03 8.747899999999999426e-03 8.034099999999999532e-04 2.077299999999999980e-01 9.511199999999999169e-03 2.036300000000000002e-03 1.468299999999999883e-01 2.010400000000000034e-02 2.282899999999999860e-02 1.566700000000000080e-03 3.089999999999999756e-04 8.862200000000000633e-03 3.607599999999999696e-02 2.797099999999999934e-02 1.624400000000000149e-02 1.665500000000000097e-03 7.020600000000000104e-03 3.272400000000000309e-02 9.208299999999999775e-04 2.184699999999999923e-03 3.989200000000000038e-03 5.809300000000000097e-04 1.069200000000000012e-02 3.213600000000000267e-04 4.987300000000000066e-03 1.798399999999999912e-03 1.384299999999999984e-03 2.082699999999999829e-03 2.286600000000000178e-03 1.422000000000000000e-02 9.826299999999999618e-04 1.132800000000000057e-01 1.364700000000000080e-01 4.709499999999999797e-02 1.667700000000000085e-02 1.140200000000000068e-03 2.493700000000000170e-03 6.241900000000000530e-04 1.691199999999999995e-02 1.721200000000000160e-02 1.499299999999999938e-02 7.493399999999999887e-03 2.549300000000000004e-03 4.326099999999999797e-05 9.579100000000000494e-05 9.888100000000000416e-05 2.017199999999999896e-02 5.840199999999999819e-04 6.656600000000000017e-02 8.232200000000000628e-02 1.059999999999999970e-01 1.903499999999999984e-02 2.629300000000000040e-02 6.062699999999999860e-03 5.531200000000000006e-03 2.703800000000000127e-03 6.241900000000000530e-04 9.601700000000000512e-02 1.371999999999999956e-02 1.282399999999999946e-03 1.191200000000000071e-02 5.186299999999999938e-02 4.291099999999999776e-02 9.888100000000000416e-05 2.472000000000000049e-05 6.272800000000000251e-03 2.978800000000000198e-03 3.714199999999999967e-03 2.802699999999999983e-03 1.816899999999999982e-03 1.925099999999999902e-03 2.404100000000000160e-03 7.725099999999999610e-05 1.823100000000000079e-04 4.295200000000000211e-04 8.343099999999999453e-05 1.375099999999999977e-03 5.253100000000000239e-05 5.160400000000000533e-04 4.017099999999999875e-05 1.050600000000000004e-04 4.017099999999999875e-05 2.595599999999999882e-04 7.385199999999999968e-04 2.780999999999999971e-05 0.000000000000000000e+00 0.000000000000000000e+00 0.000000000000000000e+00 0.000000000000000000e+00 0.000000000000000000e+00 0.000000000000000000e+00 0.000000000000000000e+00 0.000000000000000000e+00 0.000000000000000000e+00 0.000000000000000000e+00 0.000000000000000000e+00 0.000000000000000000e+00 0.000000000000000000e+00 0.000000000000000000e+00 0.000000000000000000e+00 0.000000000000000000e+00 3.090000000000000061e-06 0.000000000000000000e+00 0.000000000000000000e+00 0.000000000000000000e+00 0.000000000000000000e+00 0.000000000000000000e+00 0.000000000000000000e+00 1.205099999999999965e-04 1.853999999999999867e-05 1.483199999999999894e-04 2.904599999999999804e-04 2.595599999999999882e-04 7.725099999999999610e-05 1.853999999999999867e-05 1.853999999999999867e-05 5.871100000000000082e-05 1.544999999999999946e-05
2.185699999999999865e-01 1.042000000000000044e-02 3.766100000000000003e-02 7.231600000000000250e-01 0.000000000000000000e+00 3.747299999999999937e-02 2.477999999999999925e-01 4.352299999999999919e-02 5.892399999999999721e-02 7.817799999999999749e-03 1.637700000000000126e-04 5.655099999999999710e-02 2.793400000000000136e-03 6.921699999999999815e-04 4.102999999999999703e-02 7.947600000000000844e-03 5.707300000000000220e-03 3.738999999999999811e-04 5.191300000000000255e-04 3.485600000000000157e-03 1.920600000000000085e-01 3.165699999999999764e-02 8.029500000000000526e-02 9.124900000000000025e-03 3.113799999999999901e-02 8.102099999999999233e-03 3.757499999999999989e-03 6.581799999999999630e-04 1.868200000000000069e-02 1.708799999999999902e-03 8.396900000000000197e-02 1.702600000000000077e-03 3.570500000000000063e-02 8.497599999999999685e-04 2.490599999999999932e-03 1.038300000000000030e-03 5.243799999999999850e-03 3.834100000000000008e-02 5.336500000000000098e-03 5.085900000000000143e-02 2.939899999999999736e-01 1.498700000000000032e-02 5.558999999999999705e-03 6.520000000000000188e-04 1.619199999999999893e-03 1.575899999999999870e-04 7.694199999999999998e-03 2.056399999999999895e-02 2.527300000000000033e-02 9.276299999999999477e-03 2.855200000000000012e-03 4.944100000000000317e-05 1.297799999999999941e-04 4.017099999999999875e-05 3.147799999999999904e-02 6.736300000000000404e-04 1.057799999999999990e-01 1.078999999999999959e-01 1.627699999999999980e-01 3.007500000000000104e-02 2.898500000000000035e-02 3.006599999999999898e-03 4.554700000000000068e-03 2.731599999999999827e-03 2.780999999999999835e-04 8.798599999999999477e-02 4.848299999999999832e-03 4.944100000000000317e-04 1.519099999999999964e-02 3.751299999999999774e-02 5.470900000000000069e-02 6.489099999999999925e-05 3.398999999999999813e-05 9.245400000000000840e-03 4.270399999999999717e-03 5.484799999999999745e-03 3.924399999999999764e-03 2.425699999999999818e-03 3.368100000000000174e-03 3.238399999999999786e-03 1.637700000000000126e-04 1.266899999999999949e-04 4.789600000000000086e-04 6.180100000000000003e-05 1.878700000000000075e-03 8.652099999999999375e-05 9.208299999999999775e-04 4.017099999999999875e-05 1.483199999999999894e-04 4.017099999999999875e-05 3.460800000000000204e-04 1.177300000000000048e-03 3.089999999999999892e-05 0.000000000000000000e+00 0.000000000000000000e+00 0.000000000000000000e+00 0.000000000000000000e+00 0.000000000000000000e+00 0.000000000000000000e+00 0.000000000000000000e+00 0.000000000000000000e+00 0.000000000000000000e+00 0.000000000000000000e+00 0.000000000000000000e+00 0.000000000000000000e+00 0.000000000000000000e+00 0.000000000000000000e+00 0.000000000000000000e+00 0.000000000000000000e+00 0.000000000000000000e+00 0.000000000000000000e+00 3.090000000000000061e-06 0.000000000000000000e+00 3.090000000000000061e-06 0.000000000000000000e+00 0.000000000000000000e+00 1.544999999999999946e-05 9.270099999999999556e-06 2.472000000000000049e-05 6.180100000000000003e-05 7.725099999999999610e-05 3.089999999999999892e-05 3.090000000000000061e-06 3.090000000000000061e-06 1.544999999999999946e-05 6.180100000000000342e-06
6.455400000000000027e-02 6.485999999999999578e-03 6.497699999999999310e-02 4.446900000000000158e-02 3.747299999999999937e-02 0.000000000000000000e+00 5.750899999999999762e-02 3.460800000000000204e-04 8.683000000000000180e-04 5.039899999999999936e-03 4.017099999999999875e-05 4.350800000000000153e-03 1.205099999999999965e-04 3.708099999999999954e-05 2.748899999999999955e-02 2.302100000000000066e-03 2.280499999999999975e-03 1.143299999999999980e-04 3.275400000000000251e-04 1.634299999999999989e-02 3.743900000000000006e-02 3.695700000000000113e-03 1.238500000000000018e-02 1.248699999999999984e-02 1.208199999999999986e-03 2.703800000000000127e-03 2.224799999999999976e-04 1.421399999999999910e-04 1.516299999999999940e-02 8.466699999999999964e-04 2.105900000000000133e-02 4.635099999999999854e-04 8.627400000000000346e-03 1.946700000000000047e-04 1.328699999999999933e-04 1.761300000000000094e-04 2.502900000000000177e-04 1.300900000000000016e-03 2.657399999999999866e-04 6.124499999999999736e-03 1.955099999999999894e-02 3.720400000000000009e-03 1.483200000000000057e-03 1.266899999999999949e-04 3.275400000000000251e-04 0.000000000000000000e+00 1.195799999999999901e-03 1.041299999999999995e-03 1.041299999999999995e-03 7.138000000000000031e-04 1.915800000000000055e-04 0.000000000000000000e+00 0.000000000000000000e+00 0.000000000000000000e+00 4.081900000000000285e-03 1.792200000000000086e-04 1.051500000000000004e-02 6.581799999999999630e-03 7.462500000000000383e-03 8.961099999999999838e-04 2.379299999999999937e-04 4.635099999999999718e-05 8.343099999999999453e-05 4.944100000000000317e-05 0.000000000000000000e+00 9.671799999999999928e-04 1.390499999999999917e-04 2.163000000000000128e-05 9.084699999999999807e-04 8.806600000000000148e-04 2.839799999999999963e-03 0.000000000000000000e+00 0.000000000000000000e+00 9.548199999999999960e-04 6.952599999999999536e-04 5.654800000000000408e-04 3.028199999999999772e-04 2.008500000000000031e-04 3.089999999999999756e-04 2.842799999999999819e-04 0.000000000000000000e+00 1.853999999999999867e-05 5.562100000000000160e-05 0.000000000000000000e+00 1.328699999999999933e-04 0.000000000000000000e+00 7.725099999999999610e-05 0.000000000000000000e+00 0.000000000000000000e+00 0.000000000000000000e+00 3.089999999999999892e-05 7.725099999999999610e-05 0.000000000000000000e+00 0.000000000000000000e+00 0.000000000000000000e+00 0.000000000000000000e+00 0.000000000000000000e+00 0.000000000000000000e+00 0.000000000000000000e+00 0.000000000000000000e+00 0.000000000000000000e+00 0.000000000000000000e+00 0.000000000000000000e+00 0.000000000000000000e+00 0.000000000000000000e+00 0.000000000000000000e+00 0.000000000000000000e+00 0.000000000000000000e+00 0.000000000000000000e+00 0.000000000000000000e+00 0.000000000000000000e+00 0.000000000000000000e+00 0.000000000000000000e+00 0.000000000000000000e+00 0.000000000000000000e+00 0.000000000000000000e+00 6.180100000000000342e-06 3.090000000000000061e-06 3.090000000000000061e-06 9.270099999999999556e-06 2.163000000000000128e-05 1.544999999999999946e-05 3.090000000000000061e-06 0.000000000000000000e+00 6.180100000000000342e-06 3.090000000000000061e-06
6.883699999999999541e-02 1.022499999999999971e-02 6.062000000000000027e-02 8.346199999999999453e-02 2.477999999999999925e-01 5.750899999999999762e-02 0.000000000000000000e+00 2.527699999999999912e-03 6.149500000000000105e-02 1.309700000000000031e-01 6.489099999999999925e-05 3.200399999999999773e-02 5.469399999999999913e-04 2.039400000000000024e-04 1.152999999999999997e-01 5.491000000000000221e-03 5.960700000000000200e-03 3.862599999999999779e-04 7.570600000000000463e-04 6.254199999999999690e-03 4.784299999999999664e-02 8.373999999999999500e-03 2.353699999999999889e-02 1.582700000000000079e-02 5.191300000000000255e-03 7.691100000000000193e-03 1.677899999999999964e-03 5.469399999999999913e-04 3.536600000000000160e-02 2.277400000000000171e-03 7.168299999999999672e-02 2.042500000000000045e-03 3.831699999999999690e-02 1.310200000000000080e-03 6.520000000000000188e-04 1.721199999999999987e-03 1.152599999999999935e-03 7.029800000000000111e-03 2.054900000000000129e-03 3.075500000000000109e-02 1.704600000000000004e-01 1.595099999999999990e-02 3.470099999999999834e-03 4.851400000000000070e-04 7.014400000000000062e-04 5.871100000000000082e-05 3.281599999999999968e-03 4.020100000000000409e-03 7.950699999999999781e-03 1.952900000000000035e-03 5.871099999999999540e-04 1.853999999999999867e-05 2.472000000000000049e-05 0.000000000000000000e+00 3.757499999999999989e-03 2.904599999999999804e-04 2.023099999999999898e-02 2.879599999999999868e-02 4.404899999999999788e-02 7.239999999999999908e-03 8.003200000000000244e-03 8.343099999999999995e-04 1.322500000000000108e-03 6.025600000000000313e-04 5.253100000000000239e-05 2.630899999999999905e-02 1.273100000000000100e-03 1.297799999999999941e-04 3.263100000000000115e-03 8.383299999999999780e-03 1.107799999999999931e-02 4.635099999999999718e-05 0.000000000000000000e+00 1.260700000000000015e-03 1.059899999999999905e-03 1.251500000000000008e-03 4.480600000000000164e-04 4.573299999999999870e-04 4.666000000000000117e-04 8.250399999999999748e-04 2.780999999999999971e-05 3.089999999999999892e-05 1.174199999999999972e-04 1.544999999999999946e-05 2.224799999999999976e-04 2.472000000000000049e-05 8.343099999999999453e-05 1.853999999999999867e-05 3.089999999999999892e-05 0.000000000000000000e+00 7.725099999999999610e-05 1.730400000000000102e-04 0.000000000000000000e+00 0.000000000000000000e+00 0.000000000000000000e+00 0.000000000000000000e+00 0.000000000000000000e+00 0.000000000000000000e+00 0.000000000000000000e+00 0.000000000000000000e+00 0.000000000000000000e+00 0.000000000000000000e+00 0.000000000000000000e+00 0.000000000000000000e+00 0.000000000000000000e+00 0.000000000000000000e+00 0.000000000000000000e+00 0.000000000000000000e+00 0.000000000000000000e+00 0.000000000000000000e+00 0.000000000000000000e+00 0.000000000000000000e+00 0.000000000000000000e+00 0.000000000000000000e+00 0.000000000000000000e+00 0.000000000000000000e+00 2.780999999999999971e-05 9.270099999999999556e-06 2.780999999999999971e-05 3.398999999999999813e-05 3.089999999999999892e-05 1.236000000000000025e-05 0.000000000000000000e+00 0.000000000000000000e+00 9.270099999999999556e-06 0.000000000000000000e+00
1.937499999999999986e-03 2.410199999999999929e-04 1.412199999999999957e-03 3.595299999999999885e-02 4.352299999999999919e-02 3.460800000000000204e-04 2.527699999999999912e-03 0.000000000000000000e+00 4.783400000000000152e-02 4.881300000000000222e-02 9.266999999999999196e-03 1.092599999999999995e-02 3.389800000000000105e-03 1.333400000000000037e-02 3.550799999999999790e-02 7.153500000000000136e-03 1.551199999999999975e-03 2.162999999999999992e-04 2.780999999999999971e-05 9.888100000000000416e-05 4.443500000000000401e-03 1.344200000000000039e-03 2.901599999999999839e-03 3.089999999999999756e-04 1.427600000000000006e-03 1.257599999999999994e-03 6.365500000000000498e-04 4.387899999999999917e-04 7.416099999999999689e-04 1.674799999999999943e-03 3.383600000000000062e-03 1.606800000000000134e-04 1.282399999999999946e-03 2.345299999999999815e-03 7.601500000000000184e-04 2.904599999999999804e-03 8.559400000000000211e-04 4.267400000000000186e-03 8.528500000000000490e-04 6.096700000000000036e-03 5.269499999999999879e-02 2.061999999999999944e-02 3.986199999999999748e-04 2.101200000000000008e-04 8.652099999999999375e-05 7.172000000000000423e-03 6.025600000000000313e-04 1.050600000000000058e-03 3.445399999999999938e-03 1.245299999999999966e-03 1.205099999999999965e-04 1.544999999999999946e-05 0.000000000000000000e+00 4.326099999999999932e-04 2.286599999999999961e-04 1.544999999999999946e-05 1.288499999999999932e-03 1.529600000000000057e-02 1.418900000000000022e-02 5.716599999999999850e-04 2.580199999999999941e-03 7.209100000000000404e-03 3.534999999999999948e-03 1.313300000000000101e-03 2.651300000000000098e-03 2.701900000000000135e-02 2.459099999999999828e-02 7.394500000000000031e-03 1.158799999999999978e-03 1.596600000000000102e-02 1.356500000000000067e-03 3.708099999999999954e-05 0.000000000000000000e+00 2.471999999999999914e-04 1.266899999999999949e-04 1.699500000000000110e-04 1.143299999999999980e-04 1.019700000000000012e-04 4.326099999999999797e-05 4.635099999999999854e-04 0.000000000000000000e+00 0.000000000000000000e+00 1.853999999999999867e-05 3.089999999999999892e-05 2.780999999999999971e-05 0.000000000000000000e+00 1.853999999999999867e-05 0.000000000000000000e+00 1.544999999999999946e-05 0.000000000000000000e+00 2.472000000000000049e-05 2.163000000000000128e-05 0.000000000000000000e+00 0.000000000000000000e+00 0.000000000000000000e+00 0.000000000000000000e+00 0.000000000000000000e+00 0.000000000000000000e+00 0.000000000000000000e+00 0.000000000000000000e+00 0.000000000000000000e+00 0.000000000000000000e+00 0.000000000000000000e+00 0.000000000000000000e+00 0.000000000000000000e+00 0.000000000000000000e+00 0.000000000000000000e+00 0.000000000000000000e+00 0.000000000000000000e+00 0.000000000000000000e+00 0.000000000000000000e+00 0.000000000000000000e+00 0.000000000000000000e+00 0.000000000000000000e+00 0.000000000000000000e+00 0.000000000000000000e+00 0.000000000000000000e+00 0.000000000000000000e+00 3.090000000000000061e-06 1.236000000000000025e-05 1.236000000000000025e-05 3.090000000000000061e-06 0.000000000000000000e+00 0.000000000000000000e+00 3.090000000000000061e-06 3.090000000000000061e-06
2.601800000000000033e-03 7.199799999999999473e-04 1.195799999999999901e-03 5.963800000000000004e-03 5.892399999999999721e-02 8.683000000000000180e-04 6.149500000000000105e-02 4.783400000000000152e-02 0.000000000000000000e+00 1.175900000000000001e-01 2.978800000000000198e-03 2.984999999999999806e-03 1.946699999999999993e-03 3.229099999999999939e-03 5.249700000000000200e-02 1.365799999999999913e-03 1.668600000000000118e-04 5.562100000000000160e-05 8.034099999999999532e-05 3.399000000000000220e-04 4.220999999999999926e-03 1.016600000000000099e-03 2.280499999999999975e-03 7.292499999999999720e-04 9.949900000000000671e-04 3.708100000000000090e-04 8.775700000000000427e-04 4.635099999999999854e-04 2.604899999999999837e-03 1.866400000000000047e-03 6.007000000000000187e-03 3.337200000000000236e-04 3.015900000000000178e-03 2.759399999999999960e-03 7.539699999999999657e-04 3.859500000000000083e-03 1.087700000000000038e-03 4.245699999999999821e-03 9.795400000000000981e-04 8.800399999999999889e-03 8.756899999999999407e-02 3.187999999999999862e-02 5.716599999999999850e-04 2.379299999999999937e-04 1.050600000000000004e-04 5.466300000000000325e-03 8.373999999999999716e-04 6.210999999999999724e-04 1.773700000000000016e-03 6.427299999999999940e-04 1.266899999999999949e-04 0.000000000000000000e+00 0.000000000000000000e+00 1.205099999999999965e-04 2.873700000000000082e-04 2.163000000000000128e-05 1.093900000000000081e-03 1.008599999999999948e-02 1.112100000000000068e-02 6.303699999999999972e-04 2.336099999999999809e-03 3.646299999999999888e-03 2.456600000000000190e-03 8.343099999999999995e-04 6.890800000000000093e-04 1.662100000000000036e-02 9.841799999999999507e-03 1.897299999999999985e-03 6.118299999999999477e-04 8.652099999999999375e-03 1.167999999999999984e-03 1.544999999999999946e-05 0.000000000000000000e+00 1.544999999999999878e-04 1.050600000000000004e-04 2.379299999999999937e-04 5.562100000000000160e-05 1.019700000000000012e-04 5.253100000000000239e-05 2.688300000000000130e-04 0.000000000000000000e+00 1.853999999999999867e-05 3.708099999999999954e-05 0.000000000000000000e+00 4.635099999999999718e-05 0.000000000000000000e+00 1.544999999999999946e-05 0.000000000000000000e+00 1.853999999999999867e-05 1.544999999999999946e-05 1.853999999999999867e-05 1.853999999999999867e-05 0.000000000000000000e+00 0.000000000000000000e+00 0.000000000000000000e+00 0.000000000000000000e+00 0.000000000000000000e+00 0.000000000000000000e+00 0.000000000000000000e+00 0.000000000000000000e+00 0.000000000000000000e+00 0.000000000000000000e+00 0.000000000000000000e+00 0.000000000000000000e+00 0.000000000000000000e+00 0.000000000000000000e+00 0.000000000000000000e+00 0.000000000000000000e+00 0.000000000000000000e+00 0.000000000000000000e+00 0.000000000000000000e+00 0.000000000000000000e+00 0.000000000000000000e+00 0.000000000000000000e+00 0.000000000000000000e+00 0.000000000000000000e+00 6.180100000000000342e-06 0.000000000000000000e+00 3.090000000000000061e-06 6.180100000000000342e-06 1.853999999999999867e-05 6.180100000000000342e-06 3.090000000000000061e-06 0.000000000000000000e+00 3.090000000000000061e-06 0.000000000000000000e+00
4.085000000000000089e-03 4.823599999999999936e-03 3.825499999999999907e-03 8.747899999999999426e-03 7.817799999999999749e-03 5.039899999999999936e-03 1.309700000000000031e-01 4.881300000000000222e-02 1.175900000000000001e-01 0.000000000000000000e+00 5.963799999999999787e-04 4.579399999999999964e-03 3.272399999999999962e-03 3.182700000000000112e-03 1.177300000000000013e-01 7.910499999999999563e-04 4.202499999999999964e-04 7.416099999999999689e-05 2.008500000000000031e-04 1.767499999999999974e-03 8.945699999999999139e-03 1.903500000000000027e-03 2.348400000000000053e-03 2.020899999999999953e-03 7.199799999999999473e-04 1.223700000000000091e-03 8.961099999999999838e-04 6.921699999999999815e-04 5.219099999999999955e-03 1.940499999999999951e-03 9.631699999999999984e-03 5.345799999999999944e-04 5.654799999999999757e-03 3.321800000000000187e-03 8.497599999999999685e-04 4.551600000000000264e-03 1.103100000000000087e-03 4.304399999999999893e-03 1.134000000000000025e-03 1.322199999999999938e-02 7.024900000000000588e-02 2.692999999999999908e-02 2.005400000000000064e-03 3.553599999999999858e-04 2.719199999999999851e-04 1.313300000000000101e-03 1.430700000000000027e-03 5.438500000000000192e-04 9.671799999999999928e-04 2.966399999999999788e-04 1.235999999999999957e-04 0.000000000000000000e+00 0.000000000000000000e+00 2.780999999999999971e-05 4.944100000000000317e-04 1.143299999999999980e-04 1.279299999999999925e-03 6.723899999999999669e-03 7.823999999999999358e-03 1.211300000000000007e-03 1.294699999999999974e-03 1.977599999999999931e-03 1.356500000000000067e-03 2.750100000000000114e-04 1.668600000000000118e-04 8.216400000000000439e-03 3.290899999999999815e-03 4.789600000000000086e-04 3.584500000000000121e-04 3.031299999999999793e-03 7.447000000000000494e-04 1.544999999999999946e-05 0.000000000000000000e+00 8.034099999999999532e-05 1.761300000000000094e-04 3.059100000000000035e-04 5.562100000000000160e-05 7.416099999999999689e-05 6.180100000000000003e-05 2.224799999999999976e-04 0.000000000000000000e+00 0.000000000000000000e+00 3.089999999999999892e-05 0.000000000000000000e+00 1.853999999999999867e-05 0.000000000000000000e+00 0.000000000000000000e+00 0.000000000000000000e+00 2.163000000000000128e-05 0.000000000000000000e+00 3.708099999999999954e-05 2.472000000000000049e-05 0.000000000000000000e+00 0.000000000000000000e+00 0.000000000000000000e+00 0.000000000000000000e+00 0.000000000000000000e+00 0.000000000000000000e+00 0.000000000000000000e+00 0.000000000000000000e+00 0.000000000000000000e+00 0.000000000000000000e+00 0.000000000000000000e+00 0.000000000000000000e+00 0.000000000000000000e+00 0.000000000000000000e+00 0.000000000000000000e+00 0.000000000000000000e+00 0.000000000000000000e+00 0.000000000000000000e+00 0.000000000000000000e+00 0.000000000000000000e+00 0.000000000000000000e+00 0.000000000000000000e+00 0.000000000000000000e+00 0.000000000000000000e+00 2.472000000000000049e-05 3.090000000000000061e-06 1.853999999999999867e-05 3.398999999999999813e-05 3.708099999999999954e-05 9.270099999999999556e-06 0.000000000000000000e+00 0.000000000000000000e+00 0.000000000000000000e+00 3.090000000000000061e-06
2.132100000000000000e-04 2.101200000000000008e-04 2.441099999999999921e-04 8.034099999999999532e-04 1.637700000000000126e-04 4.017099999999999875e-05 6.489099999999999925e-05 9.266999999999999196e-03 2.978800000000000198e-03 5.963799999999999787e-04 0.000000000000000000e+00 2.268099999999999890e-03 5.027499999999999851e-03 2.237199999999999953e-02 1.069199999999999968e-03 4.517999999999999794e-02 2.632699999999999971e-03 2.564700000000000161e-04 0.000000000000000000e+00 3.089999999999999892e-05 5.067700000000000286e-04 5.284000000000000502e-04 1.050600000000000004e-04 4.635099999999999718e-05 6.798099999999999846e-05 1.637699999999999963e-03 8.034099999999999532e-05 5.076899999999999642e-03 2.163000000000000128e-05 9.270100000000000573e-05 1.174199999999999972e-04 1.514099999999999886e-04 8.652099999999999375e-05 2.873700000000000082e-04 2.039400000000000024e-04 2.348399999999999945e-04 2.533799999999999898e-04 4.727800000000000101e-04 7.107099999999999767e-05 4.010900000000000402e-03 1.600599999999999983e-03 9.857200000000000423e-04 2.413300000000000167e-03 3.151799999999999741e-04 6.065799999999999664e-03 3.207499999999999848e-03 1.161899999999999999e-03 8.775700000000000427e-04 1.653200000000000069e-03 2.224799999999999976e-04 2.348399999999999945e-04 3.955300000000000027e-04 1.724199999999999951e-03 6.983500000000000341e-04 3.089999999999999892e-05 0.000000000000000000e+00 6.798099999999999846e-05 5.067700000000000286e-04 3.615399999999999842e-04 2.780999999999999971e-05 4.944100000000000317e-05 1.384299999999999984e-03 1.328699999999999933e-04 8.343099999999999453e-05 4.690699999999999904e-03 9.239199999999999496e-04 5.574400000000000188e-03 8.000099999999999573e-03 1.637700000000000126e-04 1.149499999999999914e-03 9.270100000000000573e-05 2.472000000000000049e-05 0.000000000000000000e+00 3.089999999999999892e-05 4.326099999999999797e-05 3.337200000000000236e-04 2.780999999999999971e-05 0.000000000000000000e+00 1.483199999999999894e-04 2.193899999999999984e-04 2.780999999999999971e-05 1.563600000000000059e-03 4.326099999999999797e-05 2.472000000000000049e-05 7.107099999999999767e-05 0.000000000000000000e+00 3.398999999999999813e-05 2.472000000000000049e-05 4.017099999999999875e-05 1.637700000000000126e-04 8.652099999999999375e-05 2.070300000000000016e-04 3.398999999999999813e-05 0.000000000000000000e+00 0.000000000000000000e+00 0.000000000000000000e+00 0.000000000000000000e+00 0.000000000000000000e+00 0.000000000000000000e+00 0.000000000000000000e+00 0.000000000000000000e+00 0.000000000000000000e+00 0.000000000000000000e+00 0.000000000000000000e+00 0.000000000000000000e+00 0.000000000000000000e+00 0.000000000000000000e+00 0.000000000000000000e+00 0.000000000000000000e+00 0.000000000000000000e+00 0.000000000000000000e+00 0.000000000000000000e+00 0.000000000000000000e+00 0.000000000000000000e+00 0.000000000000000000e+00 0.000000000000000000e+00 3.090000000000000061e-06 0.000000000000000000e+00 0.000000000000000000e+00 6.180100000000000342e-06 3.090000000000000061e-06 0.000000000000000000e+00 0.000000000000000000e+00 0.000000000000000000e+00 0.000000000000000000e+00 0.000000000000000000e+00
2.731599999999999827e-03 4.384800000000000329e-03 1.214699999999999946e-01 2.077299999999999980e-01 5.655099999999999710e-02 4.350800000000000153e-03 3.200399999999999773e-02 1.092599999999999995e-02 2.984999999999999806e-03 4.579399999999999964e-03 2.268099999999999890e-03 0.000000000000000000e+00 2.114200000000000107e-02 7.239999999999999908e-03 9.195699999999999708e-02 1.425299999999999900e-01 1.279099999999999959e-01 7.496400000000000285e-03 6.489099999999999925e-05 4.635099999999999854e-04 4.616499999999999944e-03 6.102800000000000238e-03 1.470900000000000029e-03 4.480600000000000164e-04 5.871099999999999540e-04 6.087100000000000150e-02 6.427299999999999940e-04 4.224099999999999730e-03 1.084600000000000017e-03 2.719199999999999851e-04 1.813900000000000018e-03 8.343099999999999453e-05 9.826299999999999618e-04 4.128299999999999678e-03 2.666700000000000147e-03 3.429900000000000049e-03 6.767200000000000125e-04 2.092000000000000109e-03 2.657399999999999866e-04 5.987900000000000167e-02 1.080399999999999971e-01 2.658699999999999952e-02 6.643600000000000373e-03 1.106199999999999892e-03 5.098600000000000007e-04 1.198899999999999922e-03 8.213299999999999768e-03 1.921099999999999891e-02 2.050899999999999945e-02 7.085499999999999785e-03 2.067199999999999940e-03 3.398999999999999813e-05 1.019700000000000012e-04 1.359599999999999925e-04 5.494100000000000025e-03 3.708100000000000090e-04 4.260900000000000104e-02 1.006699999999999956e-01 1.221200000000000063e-01 2.206899999999999834e-02 2.984699999999999853e-02 9.217599999999999405e-03 7.122599999999999765e-03 2.456600000000000190e-03 1.167999999999999984e-03 1.415500000000000091e-01 2.425400000000000125e-02 3.105500000000000187e-03 1.169000000000000074e-02 7.153800000000000436e-02 4.538699999999999679e-02 7.725099999999999610e-05 3.089999999999999892e-05 2.385500000000000034e-03 1.650100000000000048e-03 2.654300000000000062e-03 1.294699999999999974e-03 1.304000000000000038e-03 9.331899999999999744e-04 2.230999999999999910e-03 4.326099999999999797e-05 1.266899999999999949e-04 3.275400000000000251e-04 3.708099999999999954e-05 5.469399999999999913e-04 0.000000000000000000e+00 2.471999999999999914e-04 2.472000000000000049e-05 7.416099999999999689e-05 3.089999999999999892e-05 1.637700000000000126e-04 3.893500000000000042e-04 0.000000000000000000e+00 0.000000000000000000e+00 0.000000000000000000e+00 0.000000000000000000e+00 0.000000000000000000e+00 0.000000000000000000e+00 0.000000000000000000e+00 0.000000000000000000e+00 0.000000000000000000e+00 0.000000000000000000e+00 0.000000000000000000e+00 0.000000000000000000e+00 0.000000000000000000e+00 0.000000000000000000e+00 0.000000000000000000e+00 0.000000000000000000e+00 0.000000000000000000e+00 0.000000000000000000e+00 3.090000000000000061e-06 0.000000000000000000e+00 0.000000000000000000e+00 0.000000000000000000e+00 0.000000000000000000e+00 0.000000000000000000e+00 7.416099999999999689e-05 1.544999999999999946e-05 7.725099999999999610e-05 8.961100000000000651e-05 1.668600000000000118e-04 4.944100000000000317e-05 3.090000000000000061e-06 3.090000000000000061e-06 3.089999999999999892e-05 9.270099999999999556e-06
